[2024-09-27 21:47:42,283 WARNING] USE GPU: 0 for training
[2024-09-27 21:47:42,349 INFO] Number of Trainable Params: 1469642
[2024-09-27 21:47:43,279 INFO] model_arch: <models.unimatch_v2.unimatch_v2.UniMatchV2 object at 0x400159693820>
[2024-09-27 21:47:43,279 INFO] Arguments: Namespace(save_dir='./exp', save_name='unimatch_v2_svhn_40labels_seed2', resume=True, load_path='None', overwrite=False, use_tensorboard=True, epoch=1, num_train_iter=1048576, num_eval_iter=5000, num_labels=40, batch_size=64, uratio=7, eval_batch_size=1024, hard_label=True, T=0.5, p_cutoff=0.95, ema_m=0.999, ulb_loss_ratio=1.0, optim='SGD', lr=0.03, momentum=0.9, weight_decay=0.0005, amp=False, clip=0, net='WideResNet', net_from_name=False, depth=28, widen_factor=2, leaky_slope=0.1, dropout=0.0, data_dir='./data', dataset='svhn', train_sampler='RandomSampler', num_classes=10, num_workers=1, world_size=1, rank=0, dist_url='tcp://127.0.0.1:24313', dist_backend='nccl', seed=2, gpu=0, multiprocessing_distributed=True, c='config/unimatch_v2_svhn_40labels_seed2.yaml', use_da=False, alg='unimatch_v2', distributed=True, bn_momentum=0.0010000000000000009)
[2024-09-28 00:27:30,477 INFO] [!] data loader keys: dict_keys(['train_lb', 'train_ulb', 'eval'])
[2024-09-28 00:27:43,918 INFO] confusion matrix:
[[0.00000000e+00 0.00000000e+00 0.00000000e+00 0.00000000e+00
  0.00000000e+00 0.00000000e+00 0.00000000e+00 9.51834862e-02
  8.93922018e-01 1.08944954e-02]
 [0.00000000e+00 1.96116886e-04 0.00000000e+00 0.00000000e+00
  0.00000000e+00 0.00000000e+00 0.00000000e+00 1.99646990e-01
  7.87409296e-01 1.27475976e-02]
 [0.00000000e+00 0.00000000e+00 0.00000000e+00 0.00000000e+00
  0.00000000e+00 0.00000000e+00 0.00000000e+00 2.25596529e-01
  7.59219089e-01 1.51843818e-02]
 [0.00000000e+00 0.00000000e+00 0.00000000e+00 0.00000000e+00
  0.00000000e+00 0.00000000e+00 0.00000000e+00 1.76960444e-01
  8.13324080e-01 9.71547536e-03]
 [0.00000000e+00 0.00000000e+00 0.00000000e+00 0.00000000e+00
  0.00000000e+00 0.00000000e+00 0.00000000e+00 1.96195006e-01
  7.93499802e-01 1.03051922e-02]
 [0.00000000e+00 0.00000000e+00 0.00000000e+00 0.00000000e+00
  0.00000000e+00 0.00000000e+00 0.00000000e+00 1.74916107e-01
  8.08305369e-01 1.67785235e-02]
 [0.00000000e+00 0.00000000e+00 0.00000000e+00 0.00000000e+00
  0.00000000e+00 0.00000000e+00 0.00000000e+00 1.48710167e-01
  8.39150228e-01 1.21396055e-02]
 [0.00000000e+00 0.00000000e+00 0.00000000e+00 0.00000000e+00
  0.00000000e+00 0.00000000e+00 0.00000000e+00 1.86230807e-01
  7.95443289e-01 1.83259039e-02]
 [0.00000000e+00 0.00000000e+00 0.00000000e+00 0.00000000e+00
  0.00000000e+00 0.00000000e+00 0.00000000e+00 1.23493976e-01
  8.66265060e-01 1.02409639e-02]
 [0.00000000e+00 0.00000000e+00 0.00000000e+00 0.00000000e+00
  0.00000000e+00 0.00000000e+00 0.00000000e+00 1.29780564e-01
  8.58307210e-01 1.19122257e-02]]
[2024-09-28 00:31:37,621 INFO] model saved: ./exp/unimatch_v2_svhn_40labels_seed2/latest_model.pth
[2024-09-28 00:31:49,997 INFO] confusion matrix:
[[0.00000000e+00 0.00000000e+00 0.00000000e+00 0.00000000e+00
  0.00000000e+00 0.00000000e+00 0.00000000e+00 8.94495413e-02
  9.00229358e-01 1.03211009e-02]
 [0.00000000e+00 1.96116886e-04 0.00000000e+00 0.00000000e+00
  0.00000000e+00 0.00000000e+00 0.00000000e+00 1.91998431e-01
  7.96038439e-01 1.17670131e-02]
 [0.00000000e+00 0.00000000e+00 0.00000000e+00 0.00000000e+00
  0.00000000e+00 0.00000000e+00 0.00000000e+00 2.18124849e-01
  7.67172813e-01 1.47023379e-02]
 [0.00000000e+00 0.00000000e+00 0.00000000e+00 0.00000000e+00
  0.00000000e+00 0.00000000e+00 0.00000000e+00 1.70367800e-01
  8.20610687e-01 9.02151284e-03]
 [0.00000000e+00 0.00000000e+00 0.00000000e+00 0.00000000e+00
  0.00000000e+00 0.00000000e+00 0.00000000e+00 1.91438763e-01
  7.98652398e-01 9.90883868e-03]
 [0.00000000e+00 0.00000000e+00 0.00000000e+00 0.00000000e+00
  0.00000000e+00 0.00000000e+00 0.00000000e+00 1.70721477e-01
  8.12500000e-01 1.67785235e-02]
 [0.00000000e+00 0.00000000e+00 0.00000000e+00 0.00000000e+00
  0.00000000e+00 0.00000000e+00 0.00000000e+00 1.42134547e-01
  8.46737481e-01 1.11279717e-02]
 [0.00000000e+00 0.00000000e+00 0.00000000e+00 0.00000000e+00
  0.00000000e+00 0.00000000e+00 0.00000000e+00 1.78306092e-01
  8.03863299e-01 1.78306092e-02]
 [0.00000000e+00 0.00000000e+00 0.00000000e+00 0.00000000e+00
  0.00000000e+00 0.00000000e+00 0.00000000e+00 1.18674699e-01
  8.72891566e-01 8.43373494e-03]
 [0.00000000e+00 0.00000000e+00 0.00000000e+00 0.00000000e+00
  0.00000000e+00 0.00000000e+00 0.00000000e+00 1.24137931e-01
  8.63949843e-01 1.19122257e-02]]
[2024-09-28 00:31:50,007 INFO] 0 iteration, USE_EMA: True, {'train/sup_loss': tensor(2.3171, device='cuda:0'), 'train/unsup_loss': tensor(0., device='cuda:0'), 'train/total_loss': tensor(2.3171, device='cuda:0'), 'train/mask_ratio': tensor(0., device='cuda:0'), 'lr': 0.029999999999974228, 'train/prefecth_time': 239.116890625, 'train/run_time': 1.34448291015625, 'eval/loss': tensor(19.5401, device='cuda:0'), 'eval/top-1-acc': 0.07025968039336201, 'eval/top-5-acc': 0.46112476951444376, 'eval/precision': 0.12081404608408278, 'eval/recall': 0.10633060009808677, 'eval/F1': 0.025788330119469193, 'eval/AUC': 0.5034972556682528}, BEST_EVAL_ACC: 0.07025968039336201, at 0 iters
[2024-09-28 00:31:50,197 INFO] model saved: ./exp/unimatch_v2_svhn_40labels_seed2/model_best.pth
[2024-09-28 00:57:24,464 INFO] model saved: ./exp/unimatch_v2_svhn_40labels_seed2/latest_model.pth
[2024-09-28 00:57:45,196 INFO] confusion matrix:
[[0.20986239 0.0412844  0.30733945 0.02293578 0.02694954 0.03325688
  0.11123853 0.10837156 0.09977064 0.03899083]
 [0.16964111 0.11139439 0.38144734 0.02294568 0.04020396 0.01215925
  0.05040204 0.16316925 0.0266719  0.02196509]
 [0.04868643 0.05832731 0.43239335 0.01831767 0.03808147 0.1275006
  0.09038322 0.08893709 0.01614847 0.08122439]
 [0.05968078 0.06766135 0.42539903 0.01839001 0.0388619  0.12005552
  0.09160305 0.08605135 0.01943095 0.07286607]
 [0.0776853  0.1066191  0.43400713 0.01545779 0.04597701 0.0614348
  0.0503369  0.11454618 0.01387237 0.08006342]
 [0.03691275 0.03691275 0.42491611 0.0192953  0.03229866 0.14974832
  0.11786913 0.08473154 0.0159396  0.08137584]
 [0.11633789 0.03338392 0.35710673 0.03136065 0.03641882 0.09762266
  0.09914011 0.09155286 0.0450177  0.09205867]
 [0.12431897 0.07974245 0.41406637 0.0282318  0.0376424  0.03169886
  0.09460129 0.14115899 0.01783061 0.03070827]
 [0.11084337 0.03975904 0.32831325 0.02831325 0.03072289 0.12228916
  0.10180723 0.09819277 0.04759036 0.09216867]
 [0.09905956 0.04388715 0.35109718 0.02758621 0.03636364 0.11097179
  0.09717868 0.10219436 0.04451411 0.08714734]]
[2024-09-28 00:57:45,207 INFO] 5000 iteration, USE_EMA: True, {'train/sup_loss': tensor(0.0025, device='cuda:0'), 'train/unsup_loss': tensor(0.3515, device='cuda:0'), 'train/total_loss': tensor(0.3540, device='cuda:0'), 'train/mask_ratio': tensor(0.4196, device='cuda:0'), 'lr': 0.029999355445794247, 'train/prefecth_time': 0.004435135841369629, 'train/run_time': 0.19141590881347656, 'eval/loss': tensor(5.2434, device='cuda:0'), 'eval/top-1-acc': 0.15185156730178243, 'eval/top-5-acc': 0.5690688383527965, 'eval/precision': 0.13742699357985835, 'eval/recall': 0.13428022625018582, 'eval/F1': 0.11919525877773807, 'eval/AUC': 0.5413266445626286}, BEST_EVAL_ACC: 0.15185156730178243, at 5000 iters
[2024-09-28 00:57:45,435 INFO] model saved: ./exp/unimatch_v2_svhn_40labels_seed2/model_best.pth
[2024-09-28 01:23:08,963 INFO] model saved: ./exp/unimatch_v2_svhn_40labels_seed2/latest_model.pth
[2024-09-28 01:23:23,017 INFO] confusion matrix:
[[0.36525229 0.01548165 0.24025229 0.01261468 0.02924312 0.12098624
  0.00860092 0.06135321 0.1456422  0.00057339]
 [0.34418513 0.08844872 0.29123358 0.00980584 0.02373014 0.00666797
  0.00176505 0.16218866 0.07138655 0.00058835]
 [0.25234996 0.02506628 0.34972282 0.01084599 0.04434804 0.17763316
  0.00337431 0.05109665 0.05784526 0.02771752]
 [0.2702984  0.02116586 0.33587786 0.01734906 0.0426787  0.17696044
  0.00208189 0.05031228 0.06419153 0.01908397]
 [0.26436782 0.06856916 0.40745145 0.00871978 0.04399524 0.04280618
  0.00158541 0.09829568 0.05826397 0.0059453 ]
 [0.2307047  0.01090604 0.30788591 0.0192953  0.03355705 0.23364094
  0.00587248 0.02810403 0.06166107 0.06837248]
 [0.30096105 0.01112797 0.25290845 0.01568032 0.0450177  0.16995448
  0.01163379 0.03692463 0.10571573 0.05007587]
 [0.33927687 0.06438831 0.31302625 0.01386825 0.02476474 0.01089648
  0.00148588 0.18771669 0.04358593 0.00099059]
 [0.31084337 0.00722892 0.2246988  0.01927711 0.03795181 0.2
  0.00903614 0.03313253 0.1060241  0.05180723]
 [0.29216301 0.01003135 0.26332288 0.01818182 0.04388715 0.19373041
  0.00564263 0.03448276 0.09028213 0.04827586]]
[2024-09-28 01:23:23,028 INFO] 10000 iteration, USE_EMA: True, {'train/sup_loss': tensor(0.0015, device='cuda:0'), 'train/unsup_loss': tensor(0.2393, device='cuda:0'), 'train/total_loss': tensor(0.2408, device='cuda:0'), 'train/mask_ratio': tensor(0.5000, device='cuda:0'), 'lr': 0.02999742232637523, 'train/prefecth_time': 0.002030944108963013, 'train/run_time': 0.19238700866699218, 'eval/loss': tensor(6.1591, device='cuda:0'), 'eval/top-1-acc': 0.15027658266748617, 'eval/top-5-acc': 0.5508220651505839, 'eval/precision': 0.17356126472269626, 'eval/recall': 0.14520595187492197, 'eval/F1': 0.11871283085348402, 'eval/AUC': 0.5457840105637299}, BEST_EVAL_ACC: 0.15185156730178243, at 5000 iters
[2024-09-28 01:48:53,271 INFO] model saved: ./exp/unimatch_v2_svhn_40labels_seed2/latest_model.pth
[2024-09-28 01:49:06,493 INFO] confusion matrix:
[[0.33142202 0.04816514 0.05848624 0.07511468 0.02236239 0.17889908
  0.05045872 0.02866972 0.16055046 0.04587156]
 [0.2555403  0.28515395 0.03196705 0.01412042 0.0186311  0.01117866
  0.00098058 0.21631692 0.16532653 0.00078447]
 [0.0098819  0.05591709 0.32055917 0.18148952 0.04121475 0.24752953
  0.0197638  0.01638949 0.1000241  0.00723066]
 [0.00485774 0.05170021 0.16793893 0.32928522 0.0333102  0.2480916
  0.02324774 0.01422623 0.11866759 0.00867453]
 [0.03646453 0.24019025 0.23701942 0.08481966 0.06064209 0.0443916
  0.00158541 0.11454618 0.17756639 0.00277447]
 [0.00209732 0.01426174 0.16149329 0.35528523 0.0272651  0.28691275
  0.02013423 0.00629195 0.09060403 0.03565436]
 [0.01264542 0.02326758 0.09863429 0.32776935 0.03034901 0.21294891
  0.04754679 0.01163379 0.13909965 0.09610521]
 [0.26894502 0.21446261 0.07578009 0.03566122 0.0188212  0.01386825
  0.00049529 0.2615156  0.10995542 0.00049529]
 [0.00421687 0.00963855 0.08012048 0.37168675 0.02349398 0.21927711
  0.05662651 0.00361446 0.12710843 0.10421687]
 [0.01567398 0.02382445 0.13416928 0.26081505 0.03197492 0.22821317
  0.04388715 0.01316614 0.10971787 0.13855799]]
[2024-09-28 01:49:06,504 INFO] 15000 iteration, USE_EMA: True, {'train/sup_loss': tensor(0.0006, device='cuda:0'), 'train/unsup_loss': tensor(0.1654, device='cuda:0'), 'train/total_loss': tensor(0.1659, device='cuda:0'), 'train/mask_ratio': tensor(0.5826, device='cuda:0'), 'lr': 0.029994200724750647, 'train/prefecth_time': 0.44074526977539064, 'train/run_time': 0.1913231658935547, 'eval/loss': tensor(4.8734, device='cuda:0'), 'eval/top-1-acc': 0.23824523663183775, 'eval/top-5-acc': 0.6995236631837738, 'eval/precision': 0.23506027691977255, 'eval/recall': 0.2188704021322328, 'eval/F1': 0.21029381312942003, 'eval/AUC': 0.6445932896789192}, BEST_EVAL_ACC: 0.23824523663183775, at 15000 iters
[2024-09-28 01:49:06,611 INFO] model saved: ./exp/unimatch_v2_svhn_40labels_seed2/model_best.pth
[2024-09-28 02:14:53,273 INFO] model saved: ./exp/unimatch_v2_svhn_40labels_seed2/latest_model.pth
[2024-09-28 02:15:06,450 INFO] confusion matrix:
[[8.44610092e-01 1.54816514e-02 4.58715596e-03 3.44036697e-03
  5.73394495e-04 5.73394495e-04 1.08944954e-02 1.72018349e-03
  1.04357798e-01 1.37614679e-02]
 [8.43302608e-03 3.56148264e-01 4.11845460e-03 2.54951951e-03
  9.41361051e-03 3.92233771e-04 1.37281820e-03 4.86565993e-01
  1.29437145e-01 1.56893509e-03]
 [9.64087732e-04 4.48300795e-02 8.47915160e-01 6.02554832e-03
  1.68715353e-03 3.85635093e-03 7.23065799e-04 4.33839479e-03
  8.65268739e-02 3.13328513e-03]
 [2.08188758e-03 6.28036086e-02 1.11034004e-02 5.37126995e-01
  3.12283137e-03 2.03331020e-01 6.59264400e-03 2.42886884e-03
  1.63775156e-01 7.63358779e-03]
 [1.58541419e-03 1.12960761e-01 1.18906064e-03 7.92707095e-04
  7.99048751e-01 1.58541419e-03 1.58541419e-03 1.66468490e-02
  6.06420927e-02 3.96353547e-03]
 [1.67785235e-03 2.97818792e-02 5.45302013e-03 5.48657718e-01
  2.09731544e-03 2.65100671e-01 9.64765101e-03 3.35570470e-03
  1.33389262e-01 8.38926174e-04]
 [9.61052099e-03 2.47850278e-02 5.05816894e-04 1.61861406e-02
  3.03490137e-03 5.56398584e-03 7.84522003e-01 3.54071826e-03
  1.49721801e-01 2.52908447e-03]
 [2.47647350e-03 1.34720158e-01 2.47647350e-03 3.46706290e-03
  1.98117880e-03 9.90589401e-04 9.90589401e-04 7.83556216e-01
  6.83506686e-02 9.90589401e-04]
 [2.40963855e-03 1.92771084e-02 3.61445783e-03 1.38554217e-02
  4.21686747e-03 2.40963855e-03 2.60843373e-01 1.80722892e-03
  6.72289157e-01 1.92771084e-02]
 [8.15047022e-03 2.06896552e-02 1.31661442e-02 3.76175549e-03
  6.26959248e-04 1.88087774e-03 0.00000000e+00 5.64263323e-03
  8.90282132e-02 8.57053292e-01]]
[2024-09-28 02:15:06,462 INFO] 20000 iteration, USE_EMA: True, {'train/sup_loss': tensor(0.0007, device='cuda:0'), 'train/unsup_loss': tensor(0.1832, device='cuda:0'), 'train/total_loss': tensor(0.1839, device='cuda:0'), 'train/mask_ratio': tensor(0.8638, device='cuda:0'), 'lr': 0.02998969077929826, 'train/prefecth_time': 0.4524121398925781, 'train/run_time': 0.19537014770507813, 'eval/loss': tensor(2.4744, device='cuda:0'), 'eval/top-1-acc': 0.6384065765212047, 'eval/top-5-acc': 0.9615473263675476, 'eval/precision': 0.6844973609142446, 'eval/recall': 0.6747370601303742, 'eval/F1': 0.656472806415556, 'eval/AUC': 0.9174032903800803}, BEST_EVAL_ACC: 0.6384065765212047, at 20000 iters
[2024-09-28 02:15:06,647 INFO] model saved: ./exp/unimatch_v2_svhn_40labels_seed2/model_best.pth
[2024-09-28 02:40:35,346 INFO] model saved: ./exp/unimatch_v2_svhn_40labels_seed2/latest_model.pth
[2024-09-28 02:40:47,808 INFO] confusion matrix:
[[8.64678899e-01 1.72018349e-03 4.01376147e-03 5.73394495e-03
  5.73394495e-04 5.73394495e-04 1.43348624e-02 3.44036697e-03
  9.51834862e-02 9.74770642e-03]
 [6.66797411e-03 1.61600314e-01 3.33398706e-03 3.53010394e-03
  1.49048833e-02 3.92233771e-04 2.15728574e-03 6.93665425e-01
  1.12374975e-01 1.37281820e-03]
 [9.64087732e-04 5.30248253e-03 8.71776332e-01 9.64087732e-03
  4.33839479e-03 9.64087732e-04 9.64087732e-04 6.02554832e-03
  9.64087732e-02 3.61532899e-03]
 [2.08188758e-03 7.28660652e-03 5.20471895e-03 7.53990285e-01
  5.55170021e-03 8.11936155e-02 3.12283137e-03 6.59264400e-03
  1.31505899e-01 3.46981263e-03]
 [2.37812128e-03 3.56718193e-03 1.58541419e-03 1.58541419e-03
  9.16765755e-01 1.18906064e-03 1.18906064e-03 2.17994451e-02
  4.79587792e-02 1.98176774e-03]
 [1.25838926e-03 8.38926174e-04 2.51677852e-03 7.16862416e-01
  3.77516779e-03 1.39261745e-01 8.80872483e-03 3.35570470e-03
  1.21224832e-01 2.09731544e-03]
 [6.57561963e-03 1.01163379e-03 1.51745068e-03 1.66919575e-02
  5.56398584e-03 5.05816894e-04 8.53313101e-01 4.04653515e-03
  1.09256449e-01 1.51745068e-03]
 [2.97176820e-03 2.62506191e-02 3.46706290e-03 6.93412580e-03
  1.98117880e-03 4.95294700e-04 1.98117880e-03 8.88558692e-01
  6.68647845e-02 4.95294700e-04]
 [3.61445783e-03 1.20481928e-03 0.00000000e+00 1.20481928e-02
  4.81927711e-03 0.00000000e+00 2.53012048e-02 2.40963855e-03
  9.42771084e-01 7.83132530e-03]
 [6.26959248e-03 1.25391850e-03 1.25391850e-02 3.13479624e-03
  3.76175549e-03 6.26959248e-04 1.25391850e-03 6.89655172e-03
  8.08777429e-02 8.83385580e-01]]
[2024-09-28 02:40:47,819 INFO] 25000 iteration, USE_EMA: True, {'train/sup_loss': tensor(0.0004, device='cuda:0'), 'train/unsup_loss': tensor(0.1099, device='cuda:0'), 'train/total_loss': tensor(0.1103, device='cuda:0'), 'train/mask_ratio': tensor(0.8817, device='cuda:0'), 'lr': 0.0299838926837342, 'train/prefecth_time': 0.0019506239891052247, 'train/run_time': 0.19358787536621094, 'eval/loss': tensor(2.7458, device='cuda:0'), 'eval/top-1-acc': 0.6615703749231715, 'eval/top-5-acc': 0.9541717885679164, 'eval/precision': 0.7456664013275509, 'eval/recall': 0.7276101786414558, 'eval/F1': 0.6720507077847948, 'eval/AUC': 0.9404421488529108}, BEST_EVAL_ACC: 0.6615703749231715, at 25000 iters
[2024-09-28 02:40:47,988 INFO] model saved: ./exp/unimatch_v2_svhn_40labels_seed2/model_best.pth
[2024-09-28 03:06:29,527 INFO] model saved: ./exp/unimatch_v2_svhn_40labels_seed2/latest_model.pth
[2024-09-28 03:06:48,258 INFO] confusion matrix:
[[8.73279817e-01 5.73394495e-04 5.73394495e-03 4.58715596e-03
  5.73394495e-04 5.73394495e-04 1.37614679e-02 1.72018349e-03
  9.05963303e-02 8.60091743e-03]
 [1.00019612e-02 1.40811924e-01 4.70680526e-03 3.33398706e-03
  1.39242989e-02 3.92233771e-04 1.76505197e-03 6.99941165e-01
  1.23749755e-01 1.37281820e-03]
 [1.20510966e-03 3.85635093e-03 8.79730055e-01 5.30248253e-03
  3.37430706e-03 1.44613160e-03 1.44613160e-03 5.78452639e-03
  9.44805977e-02 3.37430706e-03]
 [2.08188758e-03 5.55170021e-03 4.85773768e-03 7.79319917e-01
  5.55170021e-03 6.38445524e-02 2.42886884e-03 7.28660652e-03
  1.23525330e-01 5.55170021e-03]
 [1.98176774e-03 2.77447483e-03 1.98176774e-03 1.18906064e-03
  9.18351169e-01 7.92707095e-04 1.18906064e-03 1.30796671e-02
  5.50931431e-02 3.56718193e-03]
 [1.25838926e-03 1.67785235e-03 3.35570470e-03 7.49161074e-01
  3.77516779e-03 1.09060403e-01 1.04865772e-02 3.35570470e-03
  1.15352349e-01 2.51677852e-03]
 [6.06980273e-03 1.51745068e-03 0.00000000e+00 1.56803237e-02
  4.04653515e-03 5.05816894e-04 8.63429439e-01 3.54071826e-03
  1.04198280e-01 1.01163379e-03]
 [2.47647350e-03 2.03070827e-02 5.44824170e-03 6.93412580e-03
  2.47647350e-03 4.95294700e-04 2.47647350e-03 8.80633977e-01
  7.77612680e-02 9.90589401e-04]
 [4.21686747e-03 6.02409639e-04 0.00000000e+00 8.43373494e-03
  5.42168675e-03 0.00000000e+00 1.68674699e-02 1.20481928e-03
  9.57831325e-01 5.42168675e-03]
 [5.01567398e-03 2.50783699e-03 1.25391850e-02 2.50783699e-03
  2.50783699e-03 6.26959248e-04 1.88087774e-03 5.01567398e-03
  8.21316614e-02 8.85266458e-01]]
[2024-09-28 03:06:48,269 INFO] 30000 iteration, USE_EMA: True, {'train/sup_loss': tensor(0.0001, device='cuda:0'), 'train/unsup_loss': tensor(0.1380, device='cuda:0'), 'train/total_loss': tensor(0.1381, device='cuda:0'), 'train/mask_ratio': tensor(0.8839, device='cuda:0'), 'lr': 0.029976806687104632, 'train/prefecth_time': 0.0019241280555725097, 'train/run_time': 0.19208767700195312, 'eval/loss': tensor(2.5980, device='cuda:0'), 'eval/top-1-acc': 0.6607636754763369, 'eval/top-5-acc': 0.959319299323909, 'eval/precision': 0.745764021295083, 'eval/recall': 0.7287714483248626, 'eval/F1': 0.6674450224565411, 'eval/AUC': 0.9452565358060079}, BEST_EVAL_ACC: 0.6615703749231715, at 25000 iters
[2024-09-28 03:32:31,154 INFO] model saved: ./exp/unimatch_v2_svhn_40labels_seed2/latest_model.pth
[2024-09-28 03:32:43,826 INFO] confusion matrix:
[[8.77866972e-01 0.00000000e+00 2.86697248e-03 5.73394495e-03
  5.73394495e-04 5.73394495e-04 1.54816514e-02 2.86697248e-03
  8.54357798e-02 8.60091743e-03]
 [8.43302608e-03 4.98136890e-02 4.70680526e-03 4.31457148e-03
  1.05903118e-02 3.92233771e-04 9.80584428e-04 8.25063738e-01
  9.49205727e-02 7.84467543e-04]
 [1.20510966e-03 0.00000000e+00 8.91299108e-01 7.47167992e-03
  3.37430706e-03 1.20510966e-03 9.64087732e-04 6.50759219e-03
  8.50807423e-02 2.89226320e-03]
 [1.73490632e-03 1.38792505e-03 5.20471895e-03 8.12977099e-01
  4.16377516e-03 6.14156836e-02 2.08188758e-03 6.59264400e-03
  9.95836225e-02 4.85773768e-03]
 [2.37812128e-03 1.18906064e-03 1.18906064e-03 1.98176774e-03
  9.28260008e-01 7.92707095e-04 7.92707095e-04 2.02140309e-02
  4.08244154e-02 2.37812128e-03]
 [1.25838926e-03 0.00000000e+00 2.93624161e-03 7.75587248e-01
  2.51677852e-03 1.06124161e-01 6.71140940e-03 3.77516779e-03
  9.85738255e-02 2.51677852e-03]
 [6.06980273e-03 1.01163379e-03 0.00000000e+00 1.51745068e-02
  3.03490137e-03 5.05816894e-04 8.83662114e-01 4.04653515e-03
  8.44714213e-02 2.02326758e-03]
 [2.47647350e-03 3.46706290e-03 3.96235760e-03 6.93412580e-03
  1.48588410e-03 0.00000000e+00 1.48588410e-03 9.19762259e-01
  5.84447746e-02 1.98117880e-03]
 [4.21686747e-03 0.00000000e+00 0.00000000e+00 9.63855422e-03
  4.21686747e-03 0.00000000e+00 1.32530120e-02 2.40963855e-03
  9.59638554e-01 6.62650602e-03]
 [5.01567398e-03 6.26959248e-04 8.15047022e-03 5.64263323e-03
  2.50783699e-03 6.26959248e-04 6.26959248e-04 5.64263323e-03
  7.08463950e-02 9.00313480e-01]]
[2024-09-28 03:32:43,837 INFO] 35000 iteration, USE_EMA: True, {'train/sup_loss': tensor(6.9403e-05, device='cuda:0'), 'train/unsup_loss': tensor(0.0801, device='cuda:0'), 'train/total_loss': tensor(0.0802, device='cuda:0'), 'train/mask_ratio': tensor(0.8951, device='cuda:0'), 'lr': 0.029968433093775056, 'train/prefecth_time': 0.483060791015625, 'train/run_time': 0.1925504913330078, 'eval/loss': tensor(3.0390, device='cuda:0'), 'eval/top-1-acc': 0.6551167793484942, 'eval/top-5-acc': 0.9503303626306084, 'eval/precision': 0.757426718795951, 'eval/recall': 0.7329717444591213, 'eval/F1': 0.6607042825864797, 'eval/AUC': 0.9461710852074701}, BEST_EVAL_ACC: 0.6615703749231715, at 25000 iters
[2024-09-28 03:58:18,433 INFO] model saved: ./exp/unimatch_v2_svhn_40labels_seed2/latest_model.pth
[2024-09-28 03:58:32,038 INFO] confusion matrix:
[[8.93922018e-01 0.00000000e+00 3.44036697e-03 1.14678899e-03
  0.00000000e+00 3.44036697e-03 1.31880734e-02 2.86697248e-03
  7.68348624e-02 5.16055046e-03]
 [7.25632477e-03 3.37321043e-02 4.51068837e-03 2.15728574e-03
  8.82525985e-03 1.76505197e-03 1.37281820e-03 8.75465778e-01
  6.37379878e-02 1.17670131e-03]
 [9.64087732e-04 2.41021933e-04 8.99252832e-01 4.57941673e-03
  2.65124126e-03 4.33839479e-03 1.20510966e-03 7.95372379e-03
  7.61629308e-02 2.65124126e-03]
 [2.08188758e-03 0.00000000e+00 5.89868147e-03 8.76474670e-01
  2.77585010e-03 5.55170021e-03 2.42886884e-03 6.59264400e-03
  9.12560722e-02 6.93962526e-03]
 [1.58541419e-03 0.00000000e+00 1.58541419e-03 2.77447483e-03
  9.36187079e-01 3.96353547e-04 7.92707095e-04 2.10067380e-02
  3.40864051e-02 1.58541419e-03]
 [1.25838926e-03 0.00000000e+00 4.19463087e-03 1.51006711e-02
  2.93624161e-03 8.74580537e-01 7.13087248e-03 3.35570470e-03
  8.85067114e-02 2.93624161e-03]
 [4.55235205e-03 0.00000000e+00 1.51745068e-03 3.54071826e-03
  2.52908447e-03 6.06980273e-03 8.94790086e-01 4.55235205e-03
  8.04248862e-02 2.02326758e-03]
 [2.47647350e-03 4.95294700e-04 2.97176820e-03 2.47647350e-03
  1.48588410e-03 1.48588410e-03 4.95294700e-04 9.34125805e-01
  5.29965329e-02 9.90589401e-04]
 [5.42168675e-03 0.00000000e+00 6.02409639e-04 4.81927711e-03
  2.40963855e-03 4.21686747e-03 1.38554217e-02 3.61445783e-03
  9.59638554e-01 5.42168675e-03]
 [5.64263323e-03 0.00000000e+00 1.12852665e-02 2.50783699e-03
  1.88087774e-03 1.25391850e-03 1.25391850e-03 6.89655172e-03
  6.14420063e-02 9.07836991e-01]]
[2024-09-28 03:58:32,049 INFO] 40000 iteration, USE_EMA: True, {'train/sup_loss': tensor(0.0001, device='cuda:0'), 'train/unsup_loss': tensor(0.0648, device='cuda:0'), 'train/total_loss': tensor(0.0650, device='cuda:0'), 'train/mask_ratio': tensor(0.9129, device='cuda:0'), 'lr': 0.029958772263417244, 'train/prefecth_time': 0.0020010240077972413, 'train/run_time': 0.1928189697265625, 'eval/loss': tensor(2.3334, device='cuda:0'), 'eval/top-1-acc': 0.7349031960663799, 'eval/top-5-acc': 0.9618162261831592, 'eval/precision': 0.8486142169896462, 'eval/recall': 0.8210540676500665, 'eval/F1': 0.7646550019184268, 'eval/AUC': 0.9686893870198633}, BEST_EVAL_ACC: 0.7349031960663799, at 40000 iters
[2024-09-28 03:58:32,228 INFO] model saved: ./exp/unimatch_v2_svhn_40labels_seed2/model_best.pth
[2024-09-28 04:24:10,132 INFO] model saved: ./exp/unimatch_v2_svhn_40labels_seed2/latest_model.pth
[2024-09-28 04:24:23,049 INFO] confusion matrix:
[[9.18004587e-01 0.00000000e+00 4.58715596e-03 1.14678899e-03
  0.00000000e+00 2.86697248e-03 1.20412844e-02 2.86697248e-03
  5.50458716e-02 3.44036697e-03]
 [7.06020788e-03 2.43184938e-02 3.72622083e-03 1.76505197e-03
  6.86409100e-03 1.56893509e-03 1.37281820e-03 9.08217298e-01
  4.45185330e-02 5.88350657e-04]
 [9.64087732e-04 0.00000000e+00 9.19739696e-01 6.98963606e-03
  2.16919740e-03 4.82043866e-03 1.20510966e-03 7.71270186e-03
  5.39889130e-02 2.41021933e-03]
 [2.08188758e-03 0.00000000e+00 5.55170021e-03 9.08049965e-01
  1.38792505e-03 6.59264400e-03 2.08188758e-03 7.63358779e-03
  6.10687023e-02 5.55170021e-03]
 [1.98176774e-03 0.00000000e+00 1.58541419e-03 3.96353547e-03
  9.40546968e-01 3.96353547e-04 7.92707095e-04 2.25921522e-02
  2.69520412e-02 1.18906064e-03]
 [1.25838926e-03 0.00000000e+00 3.35570470e-03 1.38422819e-02
  2.51677852e-03 9.03104027e-01 6.71140940e-03 4.19463087e-03
  6.25000000e-02 2.51677852e-03]
 [5.05816894e-03 0.00000000e+00 1.51745068e-03 4.55235205e-03
  2.52908447e-03 8.09307031e-03 9.19575114e-01 4.55235205e-03
  5.31107739e-02 1.01163379e-03]
 [1.98117880e-03 0.00000000e+00 2.97176820e-03 3.46706290e-03
  4.95294700e-04 2.47647350e-03 4.95294700e-04 9.45517583e-01
  4.21000495e-02 4.95294700e-04]
 [4.21686747e-03 0.00000000e+00 0.00000000e+00 5.42168675e-03
  2.40963855e-03 2.40963855e-03 1.26506024e-02 3.61445783e-03
  9.63253012e-01 6.02409639e-03]
 [6.89655172e-03 6.26959248e-04 1.19122257e-02 4.38871473e-03
  0.00000000e+00 1.25391850e-03 1.25391850e-03 7.52351097e-03
  4.63949843e-02 9.19749216e-01]]
[2024-09-28 04:24:23,060 INFO] 45000 iteration, USE_EMA: True, {'train/sup_loss': tensor(0.0001, device='cuda:0'), 'train/unsup_loss': tensor(0.1084, device='cuda:0'), 'train/total_loss': tensor(0.1085, device='cuda:0'), 'train/mask_ratio': tensor(0.9353, device='cuda:0'), 'lr': 0.029947824610993785, 'train/prefecth_time': 0.00771721601486206, 'train/run_time': 0.19357951354980468, 'eval/loss': tensor(2.3623, device='cuda:0'), 'eval/top-1-acc': 0.7481945298094653, 'eval/top-5-acc': 0.9697295636140135, 'eval/precision': 0.8591180664196058, 'eval/recall': 0.8361858662453316, 'eval/F1': 0.7784417187477204, 'eval/AUC': 0.9729708700355747}, BEST_EVAL_ACC: 0.7481945298094653, at 45000 iters
[2024-09-28 04:24:23,235 INFO] model saved: ./exp/unimatch_v2_svhn_40labels_seed2/model_best.pth
[2024-09-28 04:50:00,770 INFO] model saved: ./exp/unimatch_v2_svhn_40labels_seed2/latest_model.pth
[2024-09-28 04:50:20,013 INFO] confusion matrix:
[[9.40366972e-01 0.00000000e+00 2.29357798e-03 1.72018349e-03
  0.00000000e+00 2.29357798e-03 1.26146789e-02 4.58715596e-03
  3.21100917e-02 4.01376147e-03]
 [8.23690920e-03 3.07903510e-02 4.51068837e-03 2.15728574e-03
  7.84467543e-03 1.76505197e-03 1.17670131e-03 9.17434791e-01
  2.56913120e-02 3.92233771e-04]
 [9.64087732e-04 0.00000000e+00 9.40226561e-01 6.02554832e-03
  2.16919740e-03 4.82043866e-03 1.20510966e-03 7.23065799e-03
  3.47071584e-02 2.65124126e-03]
 [1.38792505e-03 0.00000000e+00 4.51075642e-03 9.30256766e-01
  2.42886884e-03 6.59264400e-03 2.42886884e-03 7.28660652e-03
  3.74739764e-02 7.63358779e-03]
 [2.77447483e-03 0.00000000e+00 1.58541419e-03 2.37812128e-03
  9.54419342e-01 3.96353547e-04 7.92707095e-04 2.14030916e-02
  1.42687277e-02 1.98176774e-03]
 [1.67785235e-03 0.00000000e+00 3.35570470e-03 1.38422819e-02
  2.51677852e-03 9.25335570e-01 6.71140940e-03 4.19463087e-03
  3.98489933e-02 2.51677852e-03]
 [5.05816894e-03 0.00000000e+00 1.01163379e-03 4.04653515e-03
  2.02326758e-03 5.56398584e-03 9.46889226e-01 5.56398584e-03
  2.93373799e-02 5.05816894e-04]
 [1.98117880e-03 0.00000000e+00 3.46706290e-03 3.46706290e-03
  9.90589401e-04 1.48588410e-03 4.95294700e-04 9.63348192e-01
  2.42694403e-02 4.95294700e-04]
 [4.21686747e-03 0.00000000e+00 0.00000000e+00 5.42168675e-03
  3.01204819e-03 2.40963855e-03 1.26506024e-02 3.61445783e-03
  9.62048193e-01 6.62650602e-03]
 [6.26959248e-03 0.00000000e+00 1.19122257e-02 5.01567398e-03
  1.88087774e-03 1.25391850e-03 6.26959248e-04 6.89655172e-03
  2.94670846e-02 9.36677116e-01]]
[2024-09-28 04:50:20,024 INFO] 50000 iteration, USE_EMA: True, {'train/sup_loss': tensor(0.0003, device='cuda:0'), 'train/unsup_loss': tensor(0.0919, device='cuda:0'), 'train/total_loss': tensor(0.0922, device='cuda:0'), 'train/mask_ratio': tensor(0.9487, device='cuda:0'), 'lr': 0.029935590606740264, 'train/prefecth_time': 0.4440841979980469, 'train/run_time': 0.19434249877929688, 'eval/loss': tensor(2.1860, device='cuda:0'), 'eval/top-1-acc': 0.7644821757836509, 'eval/top-5-acc': 0.9715734480639213, 'eval/precision': 0.8716157354270286, 'eval/recall': 0.8530358289833885, 'eval/F1': 0.7960662748727095, 'eval/AUC': 0.9786717532816952}, BEST_EVAL_ACC: 0.7644821757836509, at 50000 iters
[2024-09-28 04:50:20,165 INFO] model saved: ./exp/unimatch_v2_svhn_40labels_seed2/model_best.pth
[2024-09-28 05:15:48,857 INFO] model saved: ./exp/unimatch_v2_svhn_40labels_seed2/latest_model.pth
[2024-09-28 05:16:01,629 INFO] confusion matrix:
[[9.50688073e-01 0.00000000e+00 2.29357798e-03 1.14678899e-03
  0.00000000e+00 2.29357798e-03 1.08944954e-02 5.16055046e-03
  2.23623853e-02 5.16055046e-03]
 [5.68738968e-03 3.51049225e-02 3.92233771e-03 1.96116886e-03
  6.07962346e-03 1.37281820e-03 1.37281820e-03 9.27240635e-01
  1.66699353e-02 5.88350657e-04]
 [9.64087732e-04 0.00000000e+00 9.43841890e-01 6.50759219e-03
  1.92817546e-03 5.54350446e-03 1.20510966e-03 7.71270186e-03
  2.94046758e-02 2.89226320e-03]
 [1.04094379e-03 0.00000000e+00 4.85773768e-03 9.39972241e-01
  2.42886884e-03 7.63358779e-03 2.77585010e-03 6.24566273e-03
  2.84524636e-02 6.59264400e-03]
 [1.98176774e-03 0.00000000e+00 1.58541419e-03 3.17082838e-03
  9.60760999e-01 3.96353547e-04 7.92707095e-04 2.10067380e-02
  8.71977804e-03 1.58541419e-03]
 [1.25838926e-03 0.00000000e+00 3.77516779e-03 1.04865772e-02
  3.35570470e-03 9.40855705e-01 5.87248322e-03 5.03355705e-03
  2.68456376e-02 2.51677852e-03]
 [5.05816894e-03 0.00000000e+00 5.05816894e-04 4.04653515e-03
  2.52908447e-03 4.04653515e-03 9.57005564e-01 5.05816894e-03
  2.12443096e-02 5.05816894e-04]
 [1.98117880e-03 0.00000000e+00 3.46706290e-03 1.98117880e-03
  9.90589401e-04 2.47647350e-03 4.95294700e-04 9.71272907e-01
  1.63447251e-02 9.90589401e-04]
 [3.61445783e-03 0.00000000e+00 6.02409639e-04 6.02409639e-03
  2.40963855e-03 1.80722892e-03 1.14457831e-02 3.61445783e-03
  9.63253012e-01 7.22891566e-03]
 [7.52351097e-03 0.00000000e+00 1.12852665e-02 4.38871473e-03
  6.26959248e-04 1.25391850e-03 1.25391850e-03 6.26959248e-03
  2.38244514e-02 9.43573668e-01]]
[2024-09-28 05:16:01,639 INFO] 55000 iteration, USE_EMA: True, {'train/sup_loss': tensor(0.0001, device='cuda:0'), 'train/unsup_loss': tensor(0.0961, device='cuda:0'), 'train/total_loss': tensor(0.0962, device='cuda:0'), 'train/mask_ratio': tensor(0.9464, device='cuda:0'), 'lr': 0.02992207077614505, 'train/prefecth_time': 0.0018387199640274047, 'train/run_time': 0.19115382385253907, 'eval/loss': tensor(2.1750, device='cuda:0'), 'eval/top-1-acc': 0.7715888137676705, 'eval/top-5-acc': 0.9718039336201598, 'eval/precision': 0.8798355681308079, 'eval/recall': 0.8606328981673685, 'eval/F1': 0.8052594459489789, 'eval/AUC': 0.9795057511309001}, BEST_EVAL_ACC: 0.7715888137676705, at 55000 iters
[2024-09-28 05:16:01,892 INFO] model saved: ./exp/unimatch_v2_svhn_40labels_seed2/model_best.pth
[2024-09-28 05:41:28,805 INFO] model saved: ./exp/unimatch_v2_svhn_40labels_seed2/latest_model.pth
[2024-09-28 05:41:41,276 INFO] confusion matrix:
[[9.50688073e-01 0.00000000e+00 2.86697248e-03 1.14678899e-03
  0.00000000e+00 2.86697248e-03 1.03211009e-02 4.58715596e-03
  2.35091743e-02 4.01376147e-03]
 [7.06020788e-03 3.47126888e-02 3.92233771e-03 1.96116886e-03
  6.27574034e-03 1.37281820e-03 1.56893509e-03 9.28613454e-01
  1.41204158e-02 3.92233771e-04]
 [7.23065799e-04 0.00000000e+00 9.46493131e-01 6.26657026e-03
  2.41021933e-03 5.54350446e-03 9.64087732e-04 7.23065799e-03
  2.77175223e-02 2.65124126e-03]
 [1.38792505e-03 0.00000000e+00 4.16377516e-03 9.45176960e-01
  1.73490632e-03 5.89868147e-03 2.08188758e-03 6.93962526e-03
  2.70645385e-02 5.55170021e-03]
 [2.37812128e-03 0.00000000e+00 1.58541419e-03 2.77447483e-03
  9.58779231e-01 3.96353547e-04 7.92707095e-04 2.37812128e-02
  8.32342449e-03 1.18906064e-03]
 [1.25838926e-03 0.00000000e+00 3.77516779e-03 1.25838926e-02
  2.51677852e-03 9.38338926e-01 6.71140940e-03 3.77516779e-03
  2.81040268e-02 2.93624161e-03]
 [4.55235205e-03 0.00000000e+00 5.05816894e-04 4.55235205e-03
  1.51745068e-03 4.55235205e-03 9.59028832e-01 4.55235205e-03
  1.97268589e-02 1.01163379e-03]
 [2.47647350e-03 4.95294700e-04 3.96235760e-03 1.48588410e-03
  9.90589401e-04 1.98117880e-03 4.95294700e-04 9.73749381e-01
  1.33729569e-02 9.90589401e-04]
 [3.61445783e-03 0.00000000e+00 6.02409639e-04 5.42168675e-03
  2.40963855e-03 1.80722892e-03 1.14457831e-02 3.61445783e-03
  9.65060241e-01 6.02409639e-03]
 [8.15047022e-03 6.26959248e-04 1.50470219e-02 3.13479624e-03
  0.00000000e+00 1.88087774e-03 6.26959248e-04 7.52351097e-03
  2.19435737e-02 9.41065831e-01]]
[2024-09-28 05:41:41,287 INFO] 60000 iteration, USE_EMA: True, {'train/sup_loss': tensor(9.5397e-05, device='cuda:0'), 'train/unsup_loss': tensor(0.0881, device='cuda:0'), 'train/total_loss': tensor(0.0882, device='cuda:0'), 'train/mask_ratio': tensor(0.9509, device='cuda:0'), 'lr': 0.029907265699926754, 'train/prefecth_time': 0.4815528564453125, 'train/run_time': 0.19207530212402343, 'eval/loss': tensor(2.1916, device='cuda:0'), 'eval/top-1-acc': 0.7723955132145052, 'eval/top-5-acc': 0.9700752919483713, 'eval/precision': 0.8801451252640744, 'eval/recall': 0.8613093294854115, 'eval/F1': 0.8062900649812781, 'eval/AUC': 0.9782656248360567}, BEST_EVAL_ACC: 0.7723955132145052, at 60000 iters
[2024-09-28 05:41:41,424 INFO] model saved: ./exp/unimatch_v2_svhn_40labels_seed2/model_best.pth
[2024-09-28 06:07:19,259 INFO] model saved: ./exp/unimatch_v2_svhn_40labels_seed2/latest_model.pth
[2024-09-28 06:07:37,854 INFO] confusion matrix:
[[9.69036697e-01 0.00000000e+00 2.29357798e-03 1.14678899e-03
  0.00000000e+00 2.86697248e-03 9.74770642e-03 5.73394495e-03
  5.16055046e-03 4.01376147e-03]
 [8.43302608e-03 4.92253383e-02 3.92233771e-03 1.76505197e-03
  6.07962346e-03 1.37281820e-03 1.96116886e-03 9.20768778e-01
  6.07962346e-03 3.92233771e-04]
 [9.64087732e-04 0.00000000e+00 9.62400578e-01 6.26657026e-03
  2.41021933e-03 5.06146059e-03 1.44613160e-03 6.74861412e-03
  1.13280309e-02 3.37430706e-03]
 [1.04094379e-03 3.46981263e-04 4.51075642e-03 9.52116586e-01
  1.73490632e-03 7.63358779e-03 3.46981263e-03 6.24566273e-03
  1.70020819e-02 5.89868147e-03]
 [2.37812128e-03 0.00000000e+00 2.37812128e-03 3.17082838e-03
  9.61950059e-01 3.96353547e-04 7.92707095e-04 2.14030916e-02
  5.94530321e-03 1.58541419e-03]
 [1.25838926e-03 0.00000000e+00 3.77516779e-03 8.38926174e-03
  2.93624161e-03 9.55117450e-01 8.38926174e-03 4.19463087e-03
  1.34228188e-02 2.51677852e-03]
 [6.57561963e-03 0.00000000e+00 1.01163379e-03 5.56398584e-03
  1.01163379e-03 5.05816894e-03 9.63075367e-01 5.05816894e-03
  1.16337886e-02 1.01163379e-03]
 [1.98117880e-03 0.00000000e+00 3.96235760e-03 1.48588410e-03
  9.90589401e-04 1.98117880e-03 0.00000000e+00 9.79692917e-01
  8.91530461e-03 9.90589401e-04]
 [3.61445783e-03 0.00000000e+00 0.00000000e+00 6.02409639e-03
  2.40963855e-03 1.20481928e-03 1.20481928e-02 3.01204819e-03
  9.65060241e-01 6.62650602e-03]
 [8.15047022e-03 0.00000000e+00 1.50470219e-02 4.38871473e-03
  1.25391850e-03 1.88087774e-03 6.26959248e-04 6.89655172e-03
  1.44200627e-02 9.47335423e-01]]
[2024-09-28 06:07:37,865 INFO] 65000 iteration, USE_EMA: True, {'train/sup_loss': tensor(0.0004, device='cuda:0'), 'train/unsup_loss': tensor(0.1034, device='cuda:0'), 'train/total_loss': tensor(0.1038, device='cuda:0'), 'train/mask_ratio': tensor(0.9643, device='cuda:0'), 'lr': 0.029891176014009247, 'train/prefecth_time': 0.43882080078125, 'train/run_time': 0.1931623992919922, 'eval/loss': tensor(1.9222, device='cuda:0'), 'eval/top-1-acc': 0.7827673632452367, 'eval/top-5-acc': 0.9810233558696988, 'eval/precision': 0.8902761482579766, 'eval/recall': 0.8705010656988188, 'eval/F1': 0.8184763737151617, 'eval/AUC': 0.984292676425092}, BEST_EVAL_ACC: 0.7827673632452367, at 65000 iters
[2024-09-28 06:07:38,082 INFO] model saved: ./exp/unimatch_v2_svhn_40labels_seed2/model_best.pth
[2024-09-28 06:33:00,819 INFO] model saved: ./exp/unimatch_v2_svhn_40labels_seed2/latest_model.pth
[2024-09-28 06:33:14,969 INFO] confusion matrix:
[[9.77637615e-01 2.86697248e-03 2.86697248e-03 1.72018349e-03
  0.00000000e+00 2.29357798e-03 6.30733945e-03 1.72018349e-03
  1.72018349e-03 2.86697248e-03]
 [6.66797411e-03 9.71366935e-01 3.33398706e-03 1.96116886e-03
  6.07962346e-03 1.17670131e-03 1.96116886e-03 4.90292214e-03
  2.15728574e-03 3.92233771e-04]
 [7.23065799e-04 6.02554832e-03 9.71559412e-01 4.82043866e-03
  2.65124126e-03 4.57941673e-03 1.20510966e-03 2.16919740e-03
  2.41021933e-03 3.85635093e-03]
 [1.73490632e-03 6.59264400e-03 4.85773768e-03 9.58709230e-01
  2.77585010e-03 7.98056905e-03 2.42886884e-03 0.00000000e+00
  6.59264400e-03 8.32755031e-03]
 [3.96353547e-03 2.10067380e-02 1.58541419e-03 2.77447483e-03
  9.64328181e-01 3.96353547e-04 7.92707095e-04 1.58541419e-03
  1.98176774e-03 1.58541419e-03]
 [8.38926174e-04 2.93624161e-03 4.19463087e-03 1.09060403e-02
  3.35570470e-03 9.61828859e-01 8.80872483e-03 8.38926174e-04
  3.77516779e-03 2.51677852e-03]
 [6.57561963e-03 4.04653515e-03 1.51745068e-03 6.06980273e-03
  2.52908447e-03 5.05816894e-03 9.67121902e-01 1.01163379e-03
  4.04653515e-03 2.02326758e-03]
 [1.98117880e-03 2.42694403e-02 2.97176820e-03 2.47647350e-03
  9.90589401e-04 1.98117880e-03 9.90589401e-04 9.61367013e-01
  1.98117880e-03 9.90589401e-04]
 [4.21686747e-03 2.40963855e-03 1.20481928e-03 5.42168675e-03
  2.40963855e-03 1.80722892e-03 1.38554217e-02 6.02409639e-04
  9.63253012e-01 4.81927711e-03]
 [9.40438871e-03 5.01567398e-03 1.19122257e-02 4.38871473e-03
  1.25391850e-03 3.76175549e-03 6.26959248e-04 0.00000000e+00
  5.01567398e-03 9.58620690e-01]]
[2024-09-28 06:33:14,979 INFO] 70000 iteration, USE_EMA: True, {'train/sup_loss': tensor(0.0004, device='cuda:0'), 'train/unsup_loss': tensor(0.0885, device='cuda:0'), 'train/total_loss': tensor(0.0888, device='cuda:0'), 'train/mask_ratio': tensor(0.9531, device='cuda:0'), 'lr': 0.02987380240949439, 'train/prefecth_time': 0.0020009279251098633, 'train/run_time': 0.1924431610107422, 'eval/loss': tensor(0.1663, device='cuda:0'), 'eval/top-1-acc': 0.9664643515673018, 'eval/top-5-acc': 0.9957360172095882, 'eval/precision': 0.9644506339916452, 'eval/recall': 0.9655792847725522, 'eval/F1': 0.9649756658161394, 'eval/AUC': 0.9972219654360532}, BEST_EVAL_ACC: 0.9664643515673018, at 70000 iters
[2024-09-28 06:33:15,136 INFO] model saved: ./exp/unimatch_v2_svhn_40labels_seed2/model_best.pth
[2024-09-28 06:58:37,505 INFO] model saved: ./exp/unimatch_v2_svhn_40labels_seed2/latest_model.pth
[2024-09-28 06:58:50,815 INFO] confusion matrix:
[[9.77637615e-01 2.86697248e-03 2.86697248e-03 1.14678899e-03
  0.00000000e+00 2.29357798e-03 9.17431193e-03 1.14678899e-03
  5.73394495e-04 2.29357798e-03]
 [5.88350657e-03 9.75289272e-01 3.13787017e-03 1.76505197e-03
  3.72622083e-03 1.37281820e-03 1.76505197e-03 4.70680526e-03
  1.76505197e-03 5.88350657e-04]
 [7.23065799e-04 6.98963606e-03 9.70354302e-01 5.54350446e-03
  2.16919740e-03 4.82043866e-03 1.44613160e-03 2.41021933e-03
  2.41021933e-03 3.13328513e-03]
 [1.38792505e-03 8.67453158e-03 4.51075642e-03 9.57668286e-01
  2.08188758e-03 9.71547536e-03 3.81679389e-03 3.46981263e-04
  5.55170021e-03 6.24566273e-03]
 [2.37812128e-03 2.33848593e-02 2.77447483e-03 2.77447483e-03
  9.63535474e-01 7.92707095e-04 7.92707095e-04 1.18906064e-03
  1.18906064e-03 1.18906064e-03]
 [1.25838926e-03 4.19463087e-03 2.93624161e-03 1.17449664e-02
  2.93624161e-03 9.63506711e-01 6.71140940e-03 8.38926174e-04
