[2024-09-28 00:06:58,223 WARNING] USE GPU: 0 for training
[2024-09-28 00:06:58,297 INFO] Number of Trainable Params: 1469642
[2024-09-28 00:06:58,805 INFO] model_arch: <models.unimatch_v2.unimatch_v2.UniMatchV2 object at 0x4003fb453820>
[2024-09-28 00:06:58,806 INFO] Arguments: Namespace(save_dir='./exp', save_name='unimatch_v2_svhn_250labels_seed1', resume=True, load_path='None', overwrite=False, use_tensorboard=True, epoch=1, num_train_iter=1048576, num_eval_iter=5000, num_labels=250, batch_size=64, uratio=7, eval_batch_size=1024, hard_label=True, T=0.5, p_cutoff=0.95, ema_m=0.999, ulb_loss_ratio=1.0, optim='SGD', lr=0.03, momentum=0.9, weight_decay=0.0005, amp=False, clip=0, net='WideResNet', net_from_name=False, depth=28, widen_factor=2, leaky_slope=0.1, dropout=0.0, data_dir='./data', dataset='svhn', train_sampler='RandomSampler', num_classes=10, num_workers=1, world_size=1, rank=0, dist_url='tcp://127.0.0.1:24821', dist_backend='nccl', seed=1, gpu=0, multiprocessing_distributed=True, c='config/unimatch_v2_svhn_250labels_seed1.yaml', use_da=False, alg='unimatch_v2', distributed=True, bn_momentum=0.0010000000000000009)
[2024-09-28 00:41:46,993 INFO] [!] data loader keys: dict_keys(['train_lb', 'train_ulb', 'eval'])
[2024-09-28 00:42:05,821 INFO] confusion matrix:
[[0. 0. 0. 0. 0. 0. 0. 0. 0. 1.]
 [0. 0. 0. 0. 0. 0. 0. 0. 0. 1.]
 [0. 0. 0. 0. 0. 0. 0. 0. 0. 1.]
 [0. 0. 0. 0. 0. 0. 0. 0. 0. 1.]
 [0. 0. 0. 0. 0. 0. 0. 0. 0. 1.]
 [0. 0. 0. 0. 0. 0. 0. 0. 0. 1.]
 [0. 0. 0. 0. 0. 0. 0. 0. 0. 1.]
 [0. 0. 0. 0. 0. 0. 0. 0. 0. 1.]
 [0. 0. 0. 0. 0. 0. 0. 0. 0. 1.]
 [0. 0. 0. 0. 0. 0. 0. 0. 0. 1.]]
[2024-09-28 00:46:04,969 INFO] model saved: ./exp/unimatch_v2_svhn_250labels_seed1/latest_model.pth
[2024-09-28 00:46:21,797 INFO] confusion matrix:
[[0. 0. 0. 0. 0. 0. 0. 0. 0. 1.]
 [0. 0. 0. 0. 0. 0. 0. 0. 0. 1.]
 [0. 0. 0. 0. 0. 0. 0. 0. 0. 1.]
 [0. 0. 0. 0. 0. 0. 0. 0. 0. 1.]
 [0. 0. 0. 0. 0. 0. 0. 0. 0. 1.]
 [0. 0. 0. 0. 0. 0. 0. 0. 0. 1.]
 [0. 0. 0. 0. 0. 0. 0. 0. 0. 1.]
 [0. 0. 0. 0. 0. 0. 0. 0. 0. 1.]
 [0. 0. 0. 0. 0. 0. 0. 0. 0. 1.]
 [0. 0. 0. 0. 0. 0. 0. 0. 0. 1.]]
[2024-09-28 00:46:21,807 INFO] 0 iteration, USE_EMA: True, {'train/sup_loss': tensor(2.4608, device='cuda:0'), 'train/unsup_loss': tensor(0., device='cuda:0'), 'train/total_loss': tensor(2.4608, device='cuda:0'), 'train/mask_ratio': tensor(0., device='cuda:0'), 'lr': 0.029999999999974228, 'train/prefecth_time': 250.56584375, 'train/run_time': 1.3850703125, 'eval/loss': tensor(26.5206, device='cuda:0'), 'eval/top-1-acc': 0.06127074370006146, 'eval/top-5-acc': 0.5049554394591272, 'eval/precision': 0.006127074370006146, 'eval/recall': 0.1, 'eval/F1': 0.011546675353820538, 'eval/AUC': 0.5015495078146652}, BEST_EVAL_ACC: 0.06127074370006146, at 0 iters
[2024-09-28 00:46:22,339 INFO] model saved: ./exp/unimatch_v2_svhn_250labels_seed1/model_best.pth
[2024-09-28 01:14:16,211 INFO] model saved: ./exp/unimatch_v2_svhn_250labels_seed1/latest_model.pth
[2024-09-28 01:14:41,222 INFO] confusion matrix:
[[9.38646789e-01 6.88073394e-03 5.16055046e-03 2.29357798e-03
  5.73394495e-04 5.16055046e-03 1.83486239e-02 2.29357798e-03
  4.01376147e-03 1.66284404e-02]
 [1.96116886e-02 9.34104726e-01 6.86409100e-03 2.74563640e-03
  1.49048833e-02 3.72622083e-03 4.31457148e-03 5.68738968e-03
  4.11845460e-03 3.92233771e-03]
 [2.16919740e-03 1.27741624e-02 9.39985539e-01 1.59074476e-02
  6.50759219e-03 8.19474572e-03 2.89226320e-03 4.82043866e-03
  4.82043866e-04 6.26657026e-03]
 [3.46981263e-03 1.59611381e-02 9.02151284e-03 9.14642609e-01
  8.32755031e-03 1.52671756e-02 4.85773768e-03 2.08188758e-03
  1.24913255e-02 1.38792505e-02]
 [4.35988902e-03 1.50614348e-02 2.77447483e-03 4.75624257e-03
  9.56797463e-01 2.77447483e-03 2.37812128e-03 7.92707095e-04
  7.92707095e-04 9.51248514e-03]
 [1.25838926e-03 7.13087248e-03 6.29194631e-03 2.76845638e-02
  6.71140940e-03 9.31208054e-01 1.21644295e-02 1.25838926e-03
  2.51677852e-03 3.77516779e-03]
 [1.06221548e-02 8.09307031e-03 1.51745068e-03 1.11279717e-02
  4.55235205e-03 1.31512393e-02 9.39301973e-01 5.05816894e-04
  8.09307031e-03 3.03490137e-03]
 [3.46706290e-03 5.44824170e-02 5.44824170e-03 1.38682516e-02
  3.46706290e-03 2.97176820e-03 2.97176820e-03 9.08865775e-01
  9.90589401e-04 3.46706290e-03]
 [7.83132530e-03 7.83132530e-03 3.01204819e-03 1.08433735e-02
  4.21686747e-03 6.02409639e-03 2.40963855e-02 0.00000000e+00
  9.22891566e-01 1.32530120e-02]
 [1.19122257e-02 9.40438871e-03 1.50470219e-02 5.01567398e-03
  6.26959248e-03 3.76175549e-03 3.13479624e-03 2.50783699e-03
  6.89655172e-03 9.36050157e-01]]
[2024-09-28 01:14:41,232 INFO] 5000 iteration, USE_EMA: True, {'train/sup_loss': tensor(0.0005, device='cuda:0'), 'train/unsup_loss': tensor(0.1449, device='cuda:0'), 'train/total_loss': tensor(0.1454, device='cuda:0'), 'train/mask_ratio': tensor(0.9129, device='cuda:0'), 'lr': 0.029999355445794247, 'train/prefecth_time': 0.001992735981941223, 'train/run_time': 0.19025852966308593, 'eval/loss': tensor(0.2622, device='cuda:0'), 'eval/top-1-acc': 0.9329671173939766, 'eval/top-5-acc': 0.9922787338660111, 'eval/precision': 0.928889853558512, 'eval/recall': 0.9322494651246427, 'eval/F1': 0.9303268444741274, 'eval/AUC': 0.9955066209835681}, BEST_EVAL_ACC: 0.9329671173939766, at 5000 iters
[2024-09-28 01:14:41,539 INFO] model saved: ./exp/unimatch_v2_svhn_250labels_seed1/model_best.pth
[2024-09-28 01:42:55,813 INFO] model saved: ./exp/unimatch_v2_svhn_250labels_seed1/latest_model.pth
[2024-09-28 01:43:13,614 INFO] confusion matrix:
[[9.48394495e-01 4.58715596e-03 4.58715596e-03 1.72018349e-03
  5.73394495e-04 5.16055046e-03 1.54816514e-02 1.72018349e-03
  5.16055046e-03 1.26146789e-02]
 [1.17670131e-02 9.51951363e-01 4.51068837e-03 3.33398706e-03
  1.19631300e-02 2.74563640e-03 2.74563640e-03 6.86409100e-03
  2.35340263e-03 1.76505197e-03]
 [1.44613160e-03 7.23065799e-03 9.57580140e-01 1.10870089e-02
  4.57941673e-03 6.02554832e-03 2.41021933e-03 4.33839479e-03
  4.82043866e-04 4.82043866e-03]
 [3.12283137e-03 9.36849410e-03 7.63358779e-03 9.41013185e-01
  4.16377516e-03 1.38792505e-02 2.77585010e-03 1.38792505e-03
  6.93962526e-03 9.71547536e-03]
 [2.77447483e-03 9.90883868e-03 3.56718193e-03 3.96353547e-03
  9.70273484e-01 1.18906064e-03 1.18906064e-03 1.18906064e-03
  7.92707095e-04 5.15259612e-03]
 [1.25838926e-03 5.45302013e-03 6.71140940e-03 1.71979866e-02
  4.61409396e-03 9.48825503e-01 8.38926174e-03 1.25838926e-03
  2.51677852e-03 3.77516779e-03]
 [7.58725341e-03 4.04653515e-03 2.02326758e-03 8.59888720e-03
  3.03490137e-03 1.01163379e-02 9.56499747e-01 1.51745068e-03
  5.05816894e-03 1.51745068e-03]
 [1.48588410e-03 2.57553244e-02 5.44824170e-03 5.44824170e-03
  2.47647350e-03 2.97176820e-03 1.48588410e-03 9.52451709e-01
  1.48588410e-03 9.90589401e-04]
 [4.21686747e-03 4.81927711e-03 3.01204819e-03 7.22891566e-03
  5.42168675e-03 5.42168675e-03 1.08433735e-02 0.00000000e+00
  9.52409639e-01 6.62650602e-03]
 [8.15047022e-03 5.01567398e-03 1.75548589e-02 5.01567398e-03
  2.50783699e-03 3.13479624e-03 1.25391850e-03 1.25391850e-03
  6.89655172e-03 9.49216301e-01]]
[2024-09-28 01:43:13,625 INFO] 10000 iteration, USE_EMA: True, {'train/sup_loss': tensor(0.0036, device='cuda:0'), 'train/unsup_loss': tensor(0.1091, device='cuda:0'), 'train/total_loss': tensor(0.1126, device='cuda:0'), 'train/mask_ratio': tensor(0.9308, device='cuda:0'), 'lr': 0.02999742232637523, 'train/prefecth_time': 0.5962314453125, 'train/run_time': 0.19587811279296874, 'eval/loss': tensor(0.2046, device='cuda:0'), 'eval/top-1-acc': 0.9531346035648433, 'eval/top-5-acc': 0.9942378610940381, 'eval/precision': 0.9497456876409134, 'eval/recall': 0.9528615566162226, 'eval/F1': 0.951259254652778, 'eval/AUC': 0.9967219400947935}, BEST_EVAL_ACC: 0.9531346035648433, at 10000 iters
[2024-09-28 01:43:13,812 INFO] model saved: ./exp/unimatch_v2_svhn_250labels_seed1/model_best.pth
[2024-09-28 02:11:23,017 INFO] model saved: ./exp/unimatch_v2_svhn_250labels_seed1/latest_model.pth
[2024-09-28 02:11:40,521 INFO] confusion matrix:
[[9.56995413e-01 4.58715596e-03 3.44036697e-03 1.14678899e-03
  1.14678899e-03 2.86697248e-03 1.20412844e-02 1.72018349e-03
  3.44036697e-03 1.26146789e-02]
 [8.43302608e-03 9.60776623e-01 3.53010394e-03 2.94175328e-03
  9.80584428e-03 2.15728574e-03 1.96116886e-03 6.86409100e-03
  1.96116886e-03 1.56893509e-03]
 [1.20510966e-03 6.02554832e-03 9.58303206e-01 1.47023379e-02
  4.09737286e-03 6.26657026e-03 1.68715353e-03 3.13328513e-03
  2.41021933e-04 4.33839479e-03]
 [2.77585010e-03 5.89868147e-03 5.55170021e-03 9.56627342e-01
  4.16377516e-03 8.32755031e-03 2.42886884e-03 1.04094379e-03
  4.85773768e-03 8.32755031e-03]
 [3.56718193e-03 6.73801031e-03 1.98176774e-03 3.56718193e-03
  9.80182323e-01 3.96353547e-04 7.92707095e-04 1.18906064e-03
  3.96353547e-04 1.18906064e-03]
 [1.25838926e-03 4.19463087e-03 5.45302013e-03 1.42617450e-02
  4.19463087e-03 9.57214765e-01 7.13087248e-03 1.25838926e-03
  1.67785235e-03 3.35570470e-03]
 [8.09307031e-03 3.03490137e-03 1.01163379e-03 7.58725341e-03
  4.55235205e-03 7.58725341e-03 9.59534648e-01 2.02326758e-03
  4.55235205e-03 2.02326758e-03]
 [1.48588410e-03 2.27835562e-02 4.45765230e-03 4.45765230e-03
  2.47647350e-03 3.46706290e-03 9.90589401e-04 9.58395245e-01
  4.95294700e-04 9.90589401e-04]
 [4.81927711e-03 4.21686747e-03 1.80722892e-03 5.42168675e-03
  5.42168675e-03 3.61445783e-03 1.02409639e-02 0.00000000e+00
  9.58433735e-01 6.02409639e-03]
 [6.89655172e-03 5.64263323e-03 1.25391850e-02 4.38871473e-03
  4.38871473e-03 1.88087774e-03 0.00000000e+00 1.25391850e-03
  5.64263323e-03 9.57366771e-01]]
[2024-09-28 02:11:40,532 INFO] 15000 iteration, USE_EMA: True, {'train/sup_loss': tensor(0.0002, device='cuda:0'), 'train/unsup_loss': tensor(0.0745, device='cuda:0'), 'train/total_loss': tensor(0.0746, device='cuda:0'), 'train/mask_ratio': tensor(0.9353, device='cuda:0'), 'lr': 0.029994200724750647, 'train/prefecth_time': 0.5731477661132812, 'train/run_time': 0.1928949432373047, 'eval/loss': tensor(0.1809, device='cuda:0'), 'eval/top-1-acc': 0.9605869698832207, 'eval/top-5-acc': 0.9948524892440074, 'eval/precision': 0.9576719127039224, 'eval/recall': 0.9603830070886726, 'eval/F1': 0.9589730153383067, 'eval/AUC': 0.9970904830066425}, BEST_EVAL_ACC: 0.9605869698832207, at 15000 iters
[2024-09-28 02:11:40,779 INFO] model saved: ./exp/unimatch_v2_svhn_250labels_seed1/model_best.pth
[2024-09-28 02:39:51,970 INFO] model saved: ./exp/unimatch_v2_svhn_250labels_seed1/latest_model.pth
[2024-09-28 02:40:15,308 INFO] confusion matrix:
[[9.62729358e-01 3.44036697e-03 2.86697248e-03 1.14678899e-03
  0.00000000e+00 3.44036697e-03 1.20412844e-02 1.72018349e-03
  1.72018349e-03 1.08944954e-02]
 [7.06020788e-03 9.65483428e-01 3.53010394e-03 2.74563640e-03
  9.02137674e-03 1.37281820e-03 2.15728574e-03 6.27574034e-03
  1.56893509e-03 7.84467543e-04]
 [9.64087732e-04 6.50759219e-03 9.64328754e-01 1.06049651e-02
  4.09737286e-03 4.33839479e-03 1.68715353e-03 3.37430706e-03
  0.00000000e+00 4.09737286e-03]
 [3.46981263e-03 6.59264400e-03 4.85773768e-03 9.59056211e-01
  3.46981263e-03 9.02151284e-03 1.73490632e-03 1.04094379e-03
  4.51075642e-03 6.24566273e-03]
 [3.56718193e-03 6.34165676e-03 1.58541419e-03 4.75624257e-03
  9.80975030e-01 3.96353547e-04 7.92707095e-04 7.92707095e-04
  3.96353547e-04 3.96353547e-04]
 [1.67785235e-03 3.77516779e-03 5.03355705e-03 1.42617450e-02
  4.19463087e-03 9.58892617e-01 6.71140940e-03 1.25838926e-03
  1.67785235e-03 2.51677852e-03]
 [7.58725341e-03 3.03490137e-03 5.05816894e-04 6.57561963e-03
  3.54071826e-03 7.08143652e-03 9.66110268e-01 1.51745068e-03
  4.04653515e-03 0.00000000e+00]
 [1.48588410e-03 2.22882615e-02 5.44824170e-03 2.97176820e-03
  1.98117880e-03 2.47647350e-03 4.95294700e-04 9.61367013e-01
  4.95294700e-04 9.90589401e-04]
 [4.21686747e-03 3.01204819e-03 2.40963855e-03 6.02409639e-03
  4.81927711e-03 2.40963855e-03 9.63855422e-03 0.00000000e+00
  9.62650602e-01 4.81927711e-03]
 [8.15047022e-03 5.01567398e-03 1.37931034e-02 4.38871473e-03
  5.01567398e-03 3.13479624e-03 0.00000000e+00 0.00000000e+00
  3.76175549e-03 9.56739812e-01]]
[2024-09-28 02:40:15,318 INFO] 20000 iteration, USE_EMA: True, {'train/sup_loss': tensor(0.0004, device='cuda:0'), 'train/unsup_loss': tensor(0.1159, device='cuda:0'), 'train/total_loss': tensor(0.1163, device='cuda:0'), 'train/mask_ratio': tensor(0.9598, device='cuda:0'), 'lr': 0.02998969077929826, 'train/prefecth_time': 0.3886092529296875, 'train/run_time': 0.19138601684570314, 'eval/loss': tensor(0.1685, device='cuda:0'), 'eval/top-1-acc': 0.9643131530424094, 'eval/top-5-acc': 0.9948524892440074, 'eval/precision': 0.9622156607256709, 'eval/recall': 0.9638333093756495, 'eval/F1': 0.962986181132022, 'eval/AUC': 0.9972895933479371}, BEST_EVAL_ACC: 0.9643131530424094, at 20000 iters
[2024-09-28 02:40:15,599 INFO] model saved: ./exp/unimatch_v2_svhn_250labels_seed1/model_best.pth
[2024-09-28 03:08:23,753 INFO] model saved: ./exp/unimatch_v2_svhn_250labels_seed1/latest_model.pth
[2024-09-28 03:08:42,847 INFO] confusion matrix:
[[9.65596330e-01 5.16055046e-03 2.86697248e-03 2.29357798e-03
  5.73394495e-04 2.86697248e-03 1.31880734e-02 1.14678899e-03
  1.14678899e-03 5.16055046e-03]
 [6.47185723e-03 9.68621298e-01 3.72622083e-03 2.54951951e-03
  9.21749363e-03 1.37281820e-03 1.17670131e-03 4.70680526e-03
  1.37281820e-03 7.84467543e-04]
 [9.64087732e-04 6.98963606e-03 9.68426127e-01 6.98963606e-03
  5.06146059e-03 4.09737286e-03 1.68715353e-03 2.16919740e-03
  0.00000000e+00 3.61532899e-03]
 [1.73490632e-03 6.24566273e-03 5.20471895e-03 9.63566967e-01
  2.77585010e-03 7.63358779e-03 2.77585010e-03 1.04094379e-03
  3.81679389e-03 5.20471895e-03]
 [3.56718193e-03 7.53071740e-03 2.37812128e-03 3.56718193e-03
  9.79785969e-01 7.92707095e-04 7.92707095e-04 7.92707095e-04
  3.96353547e-04 3.96353547e-04]
 [1.25838926e-03 2.93624161e-03 3.77516779e-03 1.17449664e-02
  3.35570470e-03 9.63926174e-01 6.71140940e-03 1.25838926e-03
  2.09731544e-03 2.93624161e-03]
 [7.08143652e-03 3.03490137e-03 1.01163379e-03 6.57561963e-03
  2.52908447e-03 6.06980273e-03 9.66616085e-01 1.01163379e-03
  4.04653515e-03 2.02326758e-03]
 [1.98117880e-03 2.47647350e-02 5.44824170e-03 2.97176820e-03
  1.48588410e-03 2.97176820e-03 0.00000000e+00 9.58890540e-01
  4.95294700e-04 9.90589401e-04]
 [4.21686747e-03 3.01204819e-03 1.80722892e-03 4.81927711e-03
  4.81927711e-03 2.40963855e-03 1.02409639e-02 6.02409639e-04
  9.64457831e-01 3.61445783e-03]
 [1.12852665e-02 4.38871473e-03 1.50470219e-02 6.26959248e-03
  3.13479624e-03 1.88087774e-03 0.00000000e+00 0.00000000e+00
  3.76175549e-03 9.54231975e-01]]
[2024-09-28 03:08:42,858 INFO] 25000 iteration, USE_EMA: True, {'train/sup_loss': tensor(0.0007, device='cuda:0'), 'train/unsup_loss': tensor(0.1218, device='cuda:0'), 'train/total_loss': tensor(0.1225, device='cuda:0'), 'train/mask_ratio': tensor(0.9531, device='cuda:0'), 'lr': 0.0299838926837342, 'train/prefecth_time': 0.002073312044143677, 'train/run_time': 0.19060675048828124, 'eval/loss': tensor(0.1599, device='cuda:0'), 'eval/top-1-acc': 0.9664259373079287, 'eval/top-5-acc': 0.9952366318377381, 'eval/precision': 0.965020880992471, 'eval/recall': 0.9654119297406771, 'eval/F1': 0.9651785033118297, 'eval/AUC': 0.9973852740499042}, BEST_EVAL_ACC: 0.9664259373079287, at 25000 iters
[2024-09-28 03:08:43,128 INFO] model saved: ./exp/unimatch_v2_svhn_250labels_seed1/model_best.pth
[2024-09-28 03:37:01,757 INFO] model saved: ./exp/unimatch_v2_svhn_250labels_seed1/latest_model.pth
[2024-09-28 03:37:16,019 INFO] confusion matrix:
[[9.69036697e-01 4.01376147e-03 3.44036697e-03 2.29357798e-03
  5.73394495e-04 2.29357798e-03 9.17431193e-03 1.14678899e-03
  2.86697248e-03 5.16055046e-03]
 [6.66797411e-03 9.69013532e-01 3.33398706e-03 2.15728574e-03
  8.04079231e-03 1.76505197e-03 1.37281820e-03 5.29515591e-03
  1.37281820e-03 9.80584428e-04]
 [7.23065799e-04 5.06146059e-03 9.72523500e-01 6.02554832e-03
  4.82043866e-03 4.09737286e-03 1.20510966e-03 2.89226320e-03
  0.00000000e+00 2.65124126e-03]
 [2.77585010e-03 6.93962526e-03 5.20471895e-03 9.60444136e-01
  2.42886884e-03 9.02151284e-03 1.73490632e-03 6.93962526e-04
  5.20471895e-03 5.55170021e-03]
 [3.17082838e-03 6.73801031e-03 2.37812128e-03 3.56718193e-03
  9.80975030e-01 7.92707095e-04 7.92707095e-04 1.18906064e-03
  3.96353547e-04 0.00000000e+00]
 [1.25838926e-03 2.93624161e-03 3.77516779e-03 1.09060403e-02
  4.19463087e-03 9.63926174e-01 7.13087248e-03 1.25838926e-03
  2.09731544e-03 2.51677852e-03]
 [7.58725341e-03 3.03490137e-03 5.05816894e-04 5.56398584e-03
  2.52908447e-03 4.55235205e-03 9.68639353e-01 1.51745068e-03
  5.05816894e-03 1.01163379e-03]
 [9.90589401e-04 2.03070827e-02 3.96235760e-03 2.47647350e-03
  1.48588410e-03 9.90589401e-04 0.00000000e+00 9.68301139e-01
  4.95294700e-04 9.90589401e-04]
 [4.21686747e-03 3.01204819e-03 2.40963855e-03 5.42168675e-03
  3.61445783e-03 1.20481928e-03 1.02409639e-02 0.00000000e+00
  9.65662651e-01 4.21686747e-03]
 [5.64263323e-03 2.50783699e-03 1.25391850e-02 5.64263323e-03
  3.76175549e-03 1.88087774e-03 0.00000000e+00 6.26959248e-04
  3.13479624e-03 9.64263323e-01]]
[2024-09-28 03:37:16,029 INFO] 30000 iteration, USE_EMA: True, {'train/sup_loss': tensor(0.0006, device='cuda:0'), 'train/unsup_loss': tensor(0.0817, device='cuda:0'), 'train/total_loss': tensor(0.0823, device='cuda:0'), 'train/mask_ratio': tensor(0.9531, device='cuda:0'), 'lr': 0.029976806687104632, 'train/prefecth_time': 0.004523327827453613, 'train/run_time': 0.19110511779785155, 'eval/loss': tensor(0.1530, device='cuda:0'), 'eval/top-1-acc': 0.9687307928703135, 'eval/top-5-acc': 0.9953134603564844, 'eval/precision': 0.9669131599202385, 'eval/recall': 0.9682785534409707, 'eval/F1': 0.9675724095134918, 'eval/AUC': 0.9974497155093076}, BEST_EVAL_ACC: 0.9687307928703135, at 30000 iters
[2024-09-28 03:37:16,284 INFO] model saved: ./exp/unimatch_v2_svhn_250labels_seed1/model_best.pth
[2024-09-28 04:05:46,754 INFO] model saved: ./exp/unimatch_v2_svhn_250labels_seed1/latest_model.pth
[2024-09-28 04:06:05,444 INFO] confusion matrix:
[[9.68463303e-01 2.86697248e-03 3.44036697e-03 1.72018349e-03
  0.00000000e+00 4.01376147e-03 1.03211009e-02 2.29357798e-03
  1.72018349e-03 5.16055046e-03]
 [8.62914297e-03 9.64698961e-01 4.11845460e-03 2.54951951e-03
  7.45244166e-03 2.15728574e-03 2.15728574e-03 4.70680526e-03
  1.96116886e-03 1.56893509e-03]
 [7.23065799e-04 4.82043866e-03 9.70113280e-01 7.71270186e-03
  4.82043866e-03 3.61532899e-03 1.68715353e-03 2.89226320e-03
  2.41021933e-04 3.37430706e-03]
 [3.12283137e-03 6.24566273e-03 4.51075642e-03 9.61138099e-01
  2.42886884e-03 9.71547536e-03 1.73490632e-03 3.46981263e-04
  5.20471895e-03 5.55170021e-03]
 [3.96353547e-03 7.13436385e-03 3.17082838e-03 2.77447483e-03
  9.78596908e-01 7.92707095e-04 7.92707095e-04 1.18906064e-03
  7.92707095e-04 7.92707095e-04]
 [1.25838926e-03 2.51677852e-03 3.77516779e-03 1.21644295e-02
  2.51677852e-03 9.64765101e-01 5.45302013e-03 1.25838926e-03
  3.35570470e-03 2.93624161e-03]
 [7.58725341e-03 3.03490137e-03 5.05816894e-04 6.57561963e-03
  2.52908447e-03 4.04653515e-03 9.70156803e-01 1.51745068e-03
  3.03490137e-03 1.01163379e-03]
 [1.48588410e-03 2.17929668e-02 4.45765230e-03 2.97176820e-03
  2.97176820e-03 1.48588410e-03 4.95294700e-04 9.63348192e-01
  4.95294700e-04 4.95294700e-04]
 [5.42168675e-03 3.01204819e-03 2.40963855e-03 5.42168675e-03
  3.01204819e-03 2.40963855e-03 7.22891566e-03 0.00000000e+00
  9.66867470e-01 4.21686747e-03]
 [9.40438871e-03 5.01567398e-03 1.44200627e-02 5.01567398e-03
  1.88087774e-03 1.88087774e-03 6.26959248e-04 0.00000000e+00
  5.01567398e-03 9.56739812e-01]]
[2024-09-28 04:06:05,455 INFO] 35000 iteration, USE_EMA: True, {'train/sup_loss': tensor(0.0001, device='cuda:0'), 'train/unsup_loss': tensor(0.0837, device='cuda:0'), 'train/total_loss': tensor(0.0838, device='cuda:0'), 'train/mask_ratio': tensor(0.9464, device='cuda:0'), 'lr': 0.029968433093775056, 'train/prefecth_time': 0.0019640640020370482, 'train/run_time': 0.1916247100830078, 'eval/loss': tensor(0.1608, device='cuda:0'), 'eval/top-1-acc': 0.9667332513829133, 'eval/top-5-acc': 0.9950061462814997, 'eval/precision': 0.964477184877943, 'eval/recall': 0.9664887928500772, 'eval/F1': 0.9654461471324263, 'eval/AUC': 0.9973677952613524}, BEST_EVAL_ACC: 0.9687307928703135, at 30000 iters
[2024-09-28 04:34:04,211 INFO] model saved: ./exp/unimatch_v2_svhn_250labels_seed1/latest_model.pth
[2024-09-28 04:34:19,530 INFO] confusion matrix:
[[9.69610092e-01 4.58715596e-03 2.86697248e-03 1.72018349e-03
  0.00000000e+00 3.44036697e-03 1.03211009e-02 1.14678899e-03
  1.14678899e-03 5.16055046e-03]
 [5.68738968e-03 9.67836831e-01 3.13787017e-03 2.54951951e-03
  8.23690920e-03 1.17670131e-03 1.96116886e-03 7.64855854e-03
  1.17670131e-03 5.88350657e-04]
 [9.64087732e-04 5.06146059e-03 9.71559412e-01 7.95372379e-03
  3.37430706e-03 4.09737286e-03 1.20510966e-03 2.41021933e-03
  4.82043866e-04 2.89226320e-03]
 [2.08188758e-03 4.85773768e-03 4.85773768e-03 9.64260930e-01
  1.73490632e-03 9.02151284e-03 3.12283137e-03 3.46981263e-04
  5.55170021e-03 4.16377516e-03]
 [2.77447483e-03 7.13436385e-03 2.37812128e-03 2.77447483e-03
  9.80182323e-01 7.92707095e-04 7.92707095e-04 1.58541419e-03
  7.92707095e-04 7.92707095e-04]
 [1.25838926e-03 3.35570470e-03 3.77516779e-03 1.04865772e-02
  2.93624161e-03 9.66023490e-01 6.29194631e-03 1.25838926e-03
  2.51677852e-03 2.09731544e-03]
 [5.56398584e-03 2.52908447e-03 1.01163379e-03 4.55235205e-03
  3.03490137e-03 6.06980273e-03 9.70156803e-01 1.01163379e-03
  4.04653515e-03 2.02326758e-03]
 [9.90589401e-04 1.58494304e-02 4.45765230e-03 3.46706290e-03
  1.98117880e-03 9.90589401e-04 0.00000000e+00 9.69787023e-01
  4.95294700e-04 1.98117880e-03]
 [4.21686747e-03 2.40963855e-03 1.80722892e-03 4.81927711e-03
  1.80722892e-03 2.40963855e-03 9.03614458e-03 0.00000000e+00
  9.69277108e-01 4.21686747e-03]
 [8.15047022e-03 3.13479624e-03 1.37931034e-02 3.13479624e-03
  3.13479624e-03 2.50783699e-03 1.25391850e-03 0.00000000e+00
  6.26959248e-03 9.58620690e-01]]
[2024-09-28 04:34:19,541 INFO] 40000 iteration, USE_EMA: True, {'train/sup_loss': tensor(0.0006, device='cuda:0'), 'train/unsup_loss': tensor(0.0879, device='cuda:0'), 'train/total_loss': tensor(0.0884, device='cuda:0'), 'train/mask_ratio': tensor(0.9554, device='cuda:0'), 'lr': 0.029958772263417244, 'train/prefecth_time': 0.0018667520284652709, 'train/run_time': 0.19055734252929687, 'eval/loss': tensor(0.1523, device='cuda:0'), 'eval/top-1-acc': 0.9690381069452981, 'eval/top-5-acc': 0.9952366318377381, 'eval/precision': 0.9668478133724416, 'eval/recall': 0.9687314701480174, 'eval/F1': 0.9677719187362662, 'eval/AUC': 0.9975289211926877}, BEST_EVAL_ACC: 0.9690381069452981, at 40000 iters
[2024-09-28 04:34:19,697 INFO] model saved: ./exp/unimatch_v2_svhn_250labels_seed1/model_best.pth
[2024-09-28 05:02:28,711 INFO] model saved: ./exp/unimatch_v2_svhn_250labels_seed1/latest_model.pth
[2024-09-28 05:02:41,725 INFO] confusion matrix:
[[9.71903670e-01 4.01376147e-03 2.86697248e-03 2.29357798e-03
  0.00000000e+00 2.29357798e-03 8.60091743e-03 1.14678899e-03
  1.14678899e-03 5.73394495e-03]
 [7.06020788e-03 9.70386350e-01 2.54951951e-03 2.35340263e-03
  7.06020788e-03 1.96116886e-03 1.56893509e-03 4.90292214e-03
  1.17670131e-03 9.80584428e-04]
 [7.23065799e-04 5.30248253e-03 9.71318390e-01 7.95372379e-03
  3.37430706e-03 4.57941673e-03 1.92817546e-03 2.16919740e-03
  0.00000000e+00 2.65124126e-03]
 [2.08188758e-03 6.24566273e-03 4.85773768e-03 9.62873005e-01
  2.42886884e-03 7.98056905e-03 3.12283137e-03 6.93962526e-04
  3.81679389e-03 5.89868147e-03]
 [4.35988902e-03 7.13436385e-03 1.98176774e-03 3.56718193e-03
  9.78993262e-01 3.96353547e-04 7.92707095e-04 1.58541419e-03
  3.96353547e-04 7.92707095e-04]
 [1.67785235e-03 3.77516779e-03 3.77516779e-03 1.00671141e-02
  2.51677852e-03 9.65184564e-01 5.87248322e-03 1.25838926e-03
  3.35570470e-03 2.51677852e-03]
 [5.56398584e-03 3.03490137e-03 5.05816894e-04 5.56398584e-03
  2.52908447e-03 5.56398584e-03 9.71674254e-01 1.01163379e-03
  3.03490137e-03 1.51745068e-03]
 [1.48588410e-03 1.63447251e-02 3.46706290e-03 2.97176820e-03
  1.98117880e-03 1.48588410e-03 0.00000000e+00 9.69787023e-01
  4.95294700e-04 1.98117880e-03]
 [4.21686747e-03 3.01204819e-03 1.20481928e-03 5.42168675e-03
  2.40963855e-03 1.20481928e-03 1.08433735e-02 0.00000000e+00
  9.67469880e-01 4.21686747e-03]
 [6.26959248e-03 3.76175549e-03 1.37931034e-02 3.76175549e-03
  1.88087774e-03 1.88087774e-03 1.25391850e-03 6.26959248e-04
  4.38871473e-03 9.62382445e-01]]
[2024-09-28 05:02:41,735 INFO] 45000 iteration, USE_EMA: True, {'train/sup_loss': tensor(0.0001, device='cuda:0'), 'train/unsup_loss': tensor(0.1152, device='cuda:0'), 'train/total_loss': tensor(0.1153, device='cuda:0'), 'train/mask_ratio': tensor(0.9576, device='cuda:0'), 'lr': 0.029947824610993785, 'train/prefecth_time': 0.6016312866210938, 'train/run_time': 0.18851612854003907, 'eval/loss': tensor(0.1506, device='cuda:0'), 'eval/top-1-acc': 0.9695374923171481, 'eval/top-5-acc': 0.9954671173939766, 'eval/precision': 0.9675091480951135, 'eval/recall': 0.9691972842426907, 'eval/F1': 0.9683286402593521, 'eval/AUC': 0.9975877624877558}, BEST_EVAL_ACC: 0.9695374923171481, at 45000 iters
[2024-09-28 05:02:41,883 INFO] model saved: ./exp/unimatch_v2_svhn_250labels_seed1/model_best.pth
[2024-09-28 05:30:58,252 INFO] model saved: ./exp/unimatch_v2_svhn_250labels_seed1/latest_model.pth
[2024-09-28 05:31:17,383 INFO] confusion matrix:
[[9.75917431e-01 3.44036697e-03 3.44036697e-03 2.29357798e-03
  0.00000000e+00 1.72018349e-03 6.88073394e-03 1.14678899e-03
  5.73394495e-04 4.58715596e-03]
 [5.88350657e-03 9.71955285e-01 3.13787017e-03 2.74563640e-03
  6.27574034e-03 1.76505197e-03 1.76505197e-03 4.51068837e-03
  1.17670131e-03 7.84467543e-04]
 [7.23065799e-04 5.30248253e-03 9.72282478e-01 7.71270186e-03
  2.89226320e-03 4.33839479e-03 1.44613160e-03 2.16919740e-03
  2.41021933e-04 2.89226320e-03]
 [2.08188758e-03 5.55170021e-03 3.81679389e-03 9.65301874e-01
  2.42886884e-03 7.63358779e-03 3.12283137e-03 3.46981263e-04
  4.51075642e-03 5.20471895e-03]
 [3.56718193e-03 6.34165676e-03 2.37812128e-03 3.17082838e-03
  9.80182323e-01 3.96353547e-04 7.92707095e-04 1.18906064e-03
  1.18906064e-03 7.92707095e-04]
 [1.25838926e-03 3.35570470e-03 4.19463087e-03 1.13255034e-02
  3.77516779e-03 9.63506711e-01 5.45302013e-03 8.38926174e-04
  2.93624161e-03 3.35570470e-03]
 [7.58725341e-03 3.03490137e-03 0.00000000e+00 5.56398584e-03
  2.52908447e-03 5.05816894e-03 9.70156803e-01 1.01163379e-03
  3.03490137e-03 2.02326758e-03]
 [2.47647350e-03 1.78306092e-02 3.96235760e-03 2.47647350e-03
  9.90589401e-04 1.48588410e-03 0.00000000e+00 9.68301139e-01
  4.95294700e-04 1.98117880e-03]
 [4.81927711e-03 2.40963855e-03 1.20481928e-03 5.42168675e-03
  2.40963855e-03 1.80722892e-03 9.03614458e-03 0.00000000e+00
  9.68674699e-01 4.21686747e-03]
 [6.26959248e-03 3.76175549e-03 1.37931034e-02 4.38871473e-03
  2.50783699e-03 1.88087774e-03 6.26959248e-04 0.00000000e+00
  7.52351097e-03 9.59247649e-01]]
[2024-09-28 05:31:17,393 INFO] 50000 iteration, USE_EMA: True, {'train/sup_loss': tensor(9.1071e-05, device='cuda:0'), 'train/unsup_loss': tensor(0.0656, device='cuda:0'), 'train/total_loss': tensor(0.0657, device='cuda:0'), 'train/mask_ratio': tensor(0.9665, device='cuda:0'), 'lr': 0.029935590606740264, 'train/prefecth_time': 0.0019312959909439087, 'train/run_time': 0.1906847381591797, 'eval/loss': tensor(0.1483, device='cuda:0'), 'eval/top-1-acc': 0.9701521204671174, 'eval/top-5-acc': 0.9955823601720959, 'eval/precision': 0.9681704104491354, 'eval/recall': 0.9695526392101244, 'eval/F1': 0.9688348224270863, 'eval/AUC': 0.9975136357385311}, BEST_EVAL_ACC: 0.9701521204671174, at 50000 iters
[2024-09-28 05:31:17,637 INFO] model saved: ./exp/unimatch_v2_svhn_250labels_seed1/model_best.pth
[2024-09-28 05:59:25,756 INFO] model saved: ./exp/unimatch_v2_svhn_250labels_seed1/latest_model.pth
[2024-09-28 05:59:42,341 INFO] confusion matrix:
[[9.80504587e-01 2.86697248e-03 2.86697248e-03 2.29357798e-03
  0.00000000e+00 1.72018349e-03 4.58715596e-03 1.14678899e-03
  1.14678899e-03 2.86697248e-03]
 [6.07962346e-03 9.71366935e-01 2.94175328e-03 1.96116886e-03
  7.84467543e-03 1.76505197e-03 1.76505197e-03 4.11845460e-03
  1.37281820e-03 7.84467543e-04]
 [7.23065799e-04 5.30248253e-03 9.71800434e-01 7.47167992e-03
  4.09737286e-03 4.09737286e-03 9.64087732e-04 2.41021933e-03
  0.00000000e+00 3.13328513e-03]
 [2.77585010e-03 5.55170021e-03 4.16377516e-03 9.67036780e-01
  2.77585010e-03 6.93962526e-03 2.42886884e-03 3.46981263e-04
  4.16377516e-03 3.81679389e-03]
 [3.17082838e-03 6.34165676e-03 2.37812128e-03 3.56718193e-03
  9.80182323e-01 3.96353547e-04 7.92707095e-04 1.58541419e-03
  1.18906064e-03 3.96353547e-04]
 [1.25838926e-03 3.77516779e-03 3.77516779e-03 9.22818792e-03
  3.35570470e-03 9.66023490e-01 6.29194631e-03 8.38926174e-04
  2.93624161e-03 2.51677852e-03]
 [6.57561963e-03 3.03490137e-03 0.00000000e+00 5.05816894e-03
  3.03490137e-03 6.57561963e-03 9.70156803e-01 1.51745068e-03
  3.03490137e-03 1.01163379e-03]
 [1.98117880e-03 1.98117880e-02 4.95294700e-03 2.47647350e-03
  1.48588410e-03 9.90589401e-04 0.00000000e+00 9.65824666e-01
  4.95294700e-04 1.98117880e-03]
 [4.21686747e-03 2.40963855e-03 1.20481928e-03 3.61445783e-03
  3.01204819e-03 6.02409639e-04 7.83132530e-03 0.00000000e+00
  9.72289157e-01 4.81927711e-03]
 [7.52351097e-03 3.13479624e-03 1.31661442e-02 3.76175549e-03
  2.50783699e-03 2.50783699e-03 0.00000000e+00 0.00000000e+00
  5.64263323e-03 9.61755486e-01]]
[2024-09-28 05:59:42,351 INFO] 55000 iteration, USE_EMA: True, {'train/sup_loss': tensor(0.0002, device='cuda:0'), 'train/unsup_loss': tensor(0.1060, device='cuda:0'), 'train/total_loss': tensor(0.1062, device='cuda:0'), 'train/mask_ratio': tensor(0.9621, device='cuda:0'), 'lr': 0.02992207077614505, 'train/prefecth_time': 0.0019839680194854736, 'train/run_time': 0.19062098693847657, 'eval/loss': tensor(0.1471, device='cuda:0'), 'eval/top-1-acc': 0.9708819913952059, 'eval/top-5-acc': 0.9955439459127228, 'eval/precision': 0.9692982070698288, 'eval/recall': 0.9706940659700299, 'eval/F1': 0.9699588302400455, 'eval/AUC': 0.9976016527331655}, BEST_EVAL_ACC: 0.9708819913952059, at 55000 iters
[2024-09-28 05:59:42,517 INFO] model saved: ./exp/unimatch_v2_svhn_250labels_seed1/model_best.pth
[2024-09-28 06:27:54,702 INFO] model saved: ./exp/unimatch_v2_svhn_250labels_seed1/latest_model.pth
[2024-09-28 06:28:09,800 INFO] confusion matrix:
[[9.77637615e-01 4.58715596e-03 2.86697248e-03 1.72018349e-03
  0.00000000e+00 2.29357798e-03 4.58715596e-03 1.14678899e-03
  1.72018349e-03 3.44036697e-03]
 [6.86409100e-03 9.70582467e-01 3.13787017e-03 2.35340263e-03
  6.66797411e-03 1.76505197e-03 1.56893509e-03 5.09903903e-03
  9.80584428e-04 9.80584428e-04]
 [7.23065799e-04 4.57941673e-03 9.73246565e-01 6.98963606e-03
  3.85635093e-03 4.57941673e-03 9.64087732e-04 2.16919740e-03
  2.41021933e-04 2.65124126e-03]
 [2.08188758e-03 4.51075642e-03 4.51075642e-03 9.66689799e-01
  1.73490632e-03 6.59264400e-03 2.77585010e-03 6.93962526e-04
  5.20471895e-03 5.20471895e-03]
 [2.77447483e-03 7.13436385e-03 2.37812128e-03 2.37812128e-03
  9.80182323e-01 7.92707095e-04 7.92707095e-04 1.98176774e-03
  7.92707095e-04 7.92707095e-04]
 [1.25838926e-03 2.93624161e-03 3.77516779e-03 1.04865772e-02
  2.51677852e-03 9.68120805e-01 5.03355705e-03 8.38926174e-04
  2.51677852e-03 2.51677852e-03]
 [6.57561963e-03 2.52908447e-03 0.00000000e+00 5.05816894e-03
  3.54071826e-03 6.06980273e-03 9.69145169e-01 1.01163379e-03
  4.55235205e-03 1.51745068e-03]
 [1.98117880e-03 1.68400198e-02 4.45765230e-03 1.98117880e-03
  1.48588410e-03 1.98117880e-03 0.00000000e+00 9.68796434e-01
  4.95294700e-04 1.98117880e-03]
 [4.21686747e-03 2.40963855e-03 1.20481928e-03 6.02409639e-03
  3.01204819e-03 2.40963855e-03 8.43373494e-03 0.00000000e+00
  9.69277108e-01 3.01204819e-03]
 [6.89655172e-03 4.38871473e-03 1.00313480e-02 3.76175549e-03
  6.26959248e-04 1.25391850e-03 6.26959248e-04 6.26959248e-04
  7.52351097e-03 9.64263323e-01]]
[2024-09-28 06:28:09,810 INFO] 60000 iteration, USE_EMA: True, {'train/sup_loss': tensor(0.0002, device='cuda:0'), 'train/unsup_loss': tensor(0.1093, device='cuda:0'), 'train/total_loss': tensor(0.1095, device='cuda:0'), 'train/mask_ratio': tensor(0.9732, device='cuda:0'), 'lr': 0.029907265699926754, 'train/prefecth_time': 0.0019697599411010744, 'train/run_time': 0.1906425018310547, 'eval/loss': tensor(0.1461, device='cuda:0'), 'eval/top-1-acc': 0.9710356484326982, 'eval/top-5-acc': 0.9955823601720959, 'eval/precision': 0.9689681707195291, 'eval/recall': 0.9707941608663122, 'eval/F1': 0.96985464783263, 'eval/AUC': 0.9975897317565796}, BEST_EVAL_ACC: 0.9710356484326982, at 60000 iters
[2024-09-28 06:28:09,985 INFO] model saved: ./exp/unimatch_v2_svhn_250labels_seed1/model_best.pth
[2024-09-28 06:56:14,073 INFO] model saved: ./exp/unimatch_v2_svhn_250labels_seed1/latest_model.pth
[2024-09-28 06:56:32,828 INFO] confusion matrix:
[[9.74197248e-01 5.73394495e-03 4.01376147e-03 1.14678899e-03
  5.73394495e-04 4.01376147e-03 4.01376147e-03 1.14678899e-03
  5.73394495e-04 4.58715596e-03]
 [6.86409100e-03 9.61364974e-01 4.51068837e-03 3.13787017e-03
  9.60972740e-03 2.54951951e-03 1.76505197e-03 7.64855854e-03
  2.15728574e-03 3.92233771e-04]
 [4.82043866e-04 3.37430706e-03 9.78549048e-01 4.57941673e-03
  2.16919740e-03 4.33839479e-03 1.44613160e-03 2.16919740e-03
  2.41021933e-04 2.65124126e-03]
 [2.08188758e-03 3.81679389e-03 5.20471895e-03 9.58709230e-01
  2.77585010e-03 1.04094379e-02 3.81679389e-03 6.93962526e-04
  7.28660652e-03 5.20471895e-03]
 [2.77447483e-03 7.53071740e-03 1.98176774e-03 4.35988902e-03
  9.78993262e-01 7.92707095e-04 7.92707095e-04 1.58541419e-03
  7.92707095e-04 3.96353547e-04]
 [1.25838926e-03 2.51677852e-03 3.35570470e-03 9.22818792e-03
  1.67785235e-03 9.68959732e-01 6.71140940e-03 1.67785235e-03
  2.93624161e-03 1.67785235e-03]
 [4.04653515e-03 3.03490137e-03 1.51745068e-03 5.56398584e-03
  2.52908447e-03 8.59888720e-03 9.67121902e-01 1.01163379e-03
  5.56398584e-03 1.01163379e-03]
 [2.47647350e-03 1.18870728e-02 5.94353640e-03 3.46706290e-03
  1.98117880e-03 1.98117880e-03 0.00000000e+00 9.71272907e-01
  4.95294700e-04 4.95294700e-04]
 [4.81927711e-03 2.40963855e-03 3.01204819e-03 6.02409639e-03
  3.61445783e-03 4.81927711e-03 4.81927711e-03 0.00000000e+00
  9.65662651e-01 4.81927711e-03]
 [6.26959248e-03 4.38871473e-03 1.75548589e-02 3.76175549e-03
  1.25391850e-03 1.88087774e-03 2.50783699e-03 6.26959248e-04
  8.15047022e-03 9.53605016e-01]]
[2024-09-28 06:56:32,838 INFO] 65000 iteration, USE_EMA: True, {'train/sup_loss': tensor(0.0002, device='cuda:0'), 'train/unsup_loss': tensor(0.1078, device='cuda:0'), 'train/total_loss': tensor(0.1080, device='cuda:0'), 'train/mask_ratio': tensor(0.9799, device='cuda:0'), 'lr': 0.029891176014009247, 'train/prefecth_time': 0.004345952033996582, 'train/run_time': 0.19034800720214845, 'eval/loss': tensor(0.1503, device='cuda:0'), 'eval/top-1-acc': 0.9680777504609711, 'eval/top-5-acc': 0.995620774431469, 'eval/precision': 0.9657513883869905, 'eval/recall': 0.9678435967956727, 'eval/F1': 0.9667621328578104, 'eval/AUC': 0.9975776430316105}, BEST_EVAL_ACC: 0.9710356484326982, at 60000 iters
[2024-09-28 07:24:35,949 INFO] model saved: ./exp/unimatch_v2_svhn_250labels_seed1/latest_model.pth
[2024-09-28 07:24:49,004 INFO] confusion matrix:
[[9.78784404e-01 4.01376147e-03 2.29357798e-03 1.14678899e-03
  0.00000000e+00 3.44036697e-03 4.58715596e-03 1.14678899e-03
  5.73394495e-04 4.01376147e-03]
 [6.27574034e-03 9.72543636e-01 2.74563640e-03 2.54951951e-03
  6.47185723e-03 1.37281820e-03 1.37281820e-03 4.70680526e-03
  1.37281820e-03 5.88350657e-04]
 [7.23065799e-04 5.06146059e-03 9.76138829e-01 6.26657026e-03
  3.37430706e-03 3.85635093e-03 9.64087732e-04 1.44613160e-03
  0.00000000e+00 2.16919740e-03]
 [2.08188758e-03 5.20471895e-03 4.16377516e-03 9.64954892e-01
  2.77585010e-03 7.63358779e-03 2.77585010e-03 6.93962526e-04
  4.51075642e-03 5.20471895e-03]
 [3.56718193e-03 6.34165676e-03 1.98176774e-03 2.77447483e-03
  9.80975030e-01 3.96353547e-04 7.92707095e-04 1.58541419e-03
  7.92707095e-04 7.92707095e-04]
 [1.67785235e-03 3.35570470e-03 2.09731544e-03 9.64765101e-03
  2.93624161e-03 9.67281879e-01 6.29194631e-03 1.25838926e-03
  2.51677852e-03 2.93624161e-03]
 [4.55235205e-03 2.52908447e-03 5.05816894e-04 5.05816894e-03
  2.52908447e-03 6.06980273e-03 9.73191705e-01 1.01163379e-03
  3.03490137e-03 1.51745068e-03]
 [2.47647350e-03 1.43635463e-02 4.45765230e-03 1.48588410e-03
  9.90589401e-04 1.98117880e-03 0.00000000e+00 9.72263497e-01
  4.95294700e-04 1.48588410e-03]
 [4.21686747e-03 2.40963855e-03 1.80722892e-03 4.21686747e-03
  3.01204819e-03 1.20481928e-03 7.83132530e-03 0.00000000e+00
  9.71686747e-01 3.61445783e-03]
 [7.52351097e-03 4.38871473e-03 1.50470219e-02 3.13479624e-03
  6.26959248e-04 2.50783699e-03 2.50783699e-03 6.26959248e-04
  3.76175549e-03 9.59874608e-01]]
[2024-09-28 07:24:49,015 INFO] 70000 iteration, USE_EMA: True, {'train/sup_loss': tensor(0.0004, device='cuda:0'), 'train/unsup_loss': tensor(0.0697, device='cuda:0'), 'train/total_loss': tensor(0.0702, device='cuda:0'), 'train/mask_ratio': tensor(0.9554, device='cuda:0'), 'lr': 0.02987380240949439, 'train/prefecth_time': 0.0020334720611572266, 'train/run_time': 0.18941075134277344, 'eval/loss': tensor(0.1437, device='cuda:0'), 'eval/top-1-acc': 0.9722264904732637, 'eval/top-5-acc': 0.9954671173939766, 'eval/precision': 0.9704178902263745, 'eval/recall': 0.9717695226189086, 'eval/F1': 0.971067840166562, 'eval/AUC': 0.9976028910427531}, BEST_EVAL_ACC: 0.9722264904732637, at 70000 iters
[2024-09-28 07:24:49,315 INFO] model saved: ./exp/unimatch_v2_svhn_250labels_seed1/model_best.pth
[2024-09-28 07:52:54,462 INFO] model saved: ./exp/unimatch_v2_svhn_250labels_seed1/latest_model.pth
[2024-09-28 07:53:07,929 INFO] confusion matrix:
[[9.81077982e-01 4.58715596e-03 2.29357798e-03 2.29357798e-03
  0.00000000e+00 2.29357798e-03 5.16055046e-03 1.14678899e-03
  5.73394495e-04 5.73394495e-04]
 [6.07962346e-03 9.74504805e-01 2.74563640e-03 2.35340263e-03
  5.68738968e-03 9.80584428e-04 1.37281820e-03 4.51068837e-03
  1.17670131e-03 5.88350657e-04]
 [7.23065799e-04 4.57941673e-03 9.74692697e-01 5.06146059e-03
  3.37430706e-03 4.57941673e-03 9.64087732e-04 2.16919740e-03
  2.41021933e-04 3.61532899e-03]
 [1.73490632e-03 5.20471895e-03 4.51075642e-03 9.64260930e-01
  2.77585010e-03 7.98056905e-03 3.46981263e-03 3.46981263e-04
  4.51075642e-03 5.20471895e-03]
 [3.56718193e-03 7.92707095e-03 2.37812128e-03 2.37812128e-03
  9.79389616e-01 3.96353547e-04 7.92707095e-04 1.58541419e-03
  7.92707095e-04 7.92707095e-04]
 [1.67785235e-03 3.77516779e-03 2.51677852e-03 9.22818792e-03
  2.09731544e-03 9.67281879e-01 6.29194631e-03 8.38926174e-04
  2.93624161e-03 3.35570470e-03]
 [6.06980273e-03 3.03490137e-03 5.05816894e-04 5.05816894e-03
  2.02326758e-03 6.57561963e-03 9.71168437e-01 1.01163379e-03
  3.03490137e-03 1.51745068e-03]
 [1.48588410e-03 1.63447251e-02 3.96235760e-03 4.95294700e-04
  1.48588410e-03 1.48588410e-03 0.00000000e+00 9.72758791e-01
  4.95294700e-04 1.48588410e-03]
 [3.61445783e-03 1.80722892e-03 1.20481928e-03 3.61445783e-03
  2.40963855e-03 1.20481928e-03 7.22891566e-03 0.00000000e+00
  9.74698795e-01 4.21686747e-03]
 [6.26959248e-03 3.13479624e-03 1.12852665e-02 3.76175549e-03
  1.88087774e-03 1.25391850e-03 6.26959248e-04 6.26959248e-04
  3.76175549e-03 9.67398119e-01]]
