[2024-09-27 23:45:37,737 WARNING] USE GPU: 0 for training
[2024-09-27 23:45:37,825 INFO] Number of Trainable Params: 1469642
[2024-09-27 23:45:38,367 INFO] model_arch: <models.unimatch_v2.unimatch_v2.UniMatchV2 object at 0x40034c2f3880>
[2024-09-27 23:45:38,368 INFO] Arguments: Namespace(save_dir='./exp', save_name='unimatch_v2_svhn_250labels_seed0', resume=True, load_path='None', overwrite=False, use_tensorboard=True, epoch=1, num_train_iter=1048576, num_eval_iter=5000, num_labels=250, batch_size=64, uratio=7, eval_batch_size=1024, hard_label=True, T=0.5, p_cutoff=0.95, ema_m=0.999, ulb_loss_ratio=1.0, optim='SGD', lr=0.03, momentum=0.9, weight_decay=0.0005, amp=False, clip=0, net='WideResNet', net_from_name=False, depth=28, widen_factor=2, leaky_slope=0.1, dropout=0.0, data_dir='./data', dataset='svhn', train_sampler='RandomSampler', num_classes=10, num_workers=1, world_size=1, rank=0, dist_url='tcp://127.0.0.1:25126', dist_backend='nccl', seed=0, gpu=0, multiprocessing_distributed=True, c='config/unimatch_v2_svhn_250labels_seed0.yaml', use_da=False, alg='unimatch_v2', distributed=True, bn_momentum=0.0010000000000000009)
[2024-09-28 00:25:13,081 INFO] [!] data loader keys: dict_keys(['train_lb', 'train_ulb', 'eval'])
[2024-09-28 00:25:29,164 INFO] confusion matrix:
[[0.77006881 0.1353211  0.09461009 0.         0.         0.
  0.         0.         0.         0.        ]
 [0.7201412  0.22749559 0.05236321 0.         0.         0.
  0.         0.         0.         0.        ]
 [0.7307785  0.18124849 0.08797301 0.         0.         0.
  0.         0.         0.         0.        ]
 [0.74045802 0.18008328 0.07945871 0.         0.         0.
  0.         0.         0.         0.        ]
 [0.77923107 0.15140706 0.06936187 0.         0.         0.
  0.         0.         0.         0.        ]
 [0.73028523 0.15184564 0.11786913 0.         0.         0.
  0.         0.         0.         0.        ]
 [0.75973698 0.14162873 0.09863429 0.         0.         0.
  0.         0.         0.         0.        ]
 [0.70876672 0.21842496 0.07280832 0.         0.         0.
  0.         0.         0.         0.        ]
 [0.75481928 0.1439759  0.10120482 0.         0.         0.
  0.         0.         0.         0.        ]
 [0.77366771 0.12163009 0.10470219 0.         0.         0.
  0.         0.         0.         0.        ]]
[2024-09-28 00:29:20,076 INFO] model saved: ./exp/unimatch_v2_svhn_250labels_seed0/latest_model.pth
[2024-09-28 00:29:33,268 INFO] confusion matrix:
[[0.77752294 0.13302752 0.08944954 0.         0.         0.
  0.         0.         0.         0.        ]
 [0.72582859 0.2241616  0.05000981 0.         0.         0.
  0.         0.         0.         0.        ]
 [0.73680405 0.17835623 0.08483972 0.         0.         0.
  0.         0.         0.         0.        ]
 [0.74600972 0.17800139 0.0759889  0.         0.         0.
  0.         0.         0.         0.        ]
 [0.78953627 0.14546175 0.06500198 0.         0.         0.
  0.         0.         0.         0.        ]
 [0.73531879 0.15100671 0.1136745  0.         0.         0.
  0.         0.         0.         0.        ]
 [0.7693475  0.1375822  0.09307031 0.         0.         0.
  0.         0.         0.         0.        ]
 [0.71371966 0.21545319 0.07082714 0.         0.         0.
  0.         0.         0.         0.        ]
 [0.7626506  0.13915663 0.09819277 0.         0.         0.
  0.         0.         0.         0.        ]
 [0.7799373  0.12100313 0.09905956 0.         0.         0.
  0.         0.         0.         0.        ]]
[2024-09-28 00:29:33,278 INFO] 0 iteration, USE_EMA: True, {'train/sup_loss': tensor(2.3989, device='cuda:0'), 'train/unsup_loss': tensor(0., device='cuda:0'), 'train/total_loss': tensor(2.3989, device='cuda:0'), 'train/mask_ratio': tensor(0., device='cuda:0'), 'lr': 0.029999999999974228, 'train/prefecth_time': 239.44703125, 'train/run_time': 1.391420166015625, 'eval/loss': tensor(16.3764, device='cuda:0'), 'eval/top-1-acc': 0.10951905347264905, 'eval/top-5-acc': 0.6096727105101414, 'eval/precision': 0.049485901983496686, 'eval/recall': 0.10865242565081612, 'eval/F1': 0.0479564069347676, 'eval/AUC': 0.5002387587591072}, BEST_EVAL_ACC: 0.10951905347264905, at 0 iters
[2024-09-28 00:29:33,518 INFO] model saved: ./exp/unimatch_v2_svhn_250labels_seed0/model_best.pth
[2024-09-28 00:55:36,459 INFO] model saved: ./exp/unimatch_v2_svhn_250labels_seed0/latest_model.pth
[2024-09-28 00:55:55,740 INFO] confusion matrix:
[[9.27752294e-01 4.01376147e-03 9.17431193e-03 5.73394495e-04
  2.29357798e-03 6.30733945e-03 2.17889908e-02 2.86697248e-03
  2.29357798e-03 2.29357798e-02]
 [1.74544028e-02 9.11747401e-01 9.80584428e-03 3.72622083e-03
  2.29456756e-02 5.49127280e-03 5.88350657e-03 1.72582859e-02
  1.76505197e-03 3.92233771e-03]
 [1.68715353e-03 6.74861412e-03 9.47216197e-01 1.03639431e-02
  8.67678959e-03 1.08459870e-02 2.16919740e-03 5.30248253e-03
  9.64087732e-04 6.02554832e-03]
 [3.12283137e-03 1.11034004e-02 2.18598196e-02 8.71269951e-01
  1.63081194e-02 2.56766135e-02 6.93962526e-03 5.55170021e-03
  2.42886884e-02 1.38792505e-02]
 [2.77447483e-03 1.14942529e-02 4.35988902e-03 3.96353547e-03
  9.67102656e-01 1.18906064e-03 1.98176774e-03 1.58541419e-03
  3.96353547e-04 5.15259612e-03]
 [1.25838926e-03 4.61409396e-03 1.25838926e-02 2.30704698e-02
  7.55033557e-03 9.28691275e-01 1.42617450e-02 2.09731544e-03
  2.51677852e-03 3.35570470e-03]
 [9.61052099e-03 5.56398584e-03 2.52908447e-03 9.10470410e-03
  6.57561963e-03 1.82094082e-02 9.37278705e-01 2.02326758e-03
  5.05816894e-03 4.04653515e-03]
 [2.47647350e-03 2.92223873e-02 6.43883110e-03 1.13917781e-02
  5.44824170e-03 5.44824170e-03 6.93412580e-03 9.29172858e-01
  9.90589401e-04 2.47647350e-03]
 [9.03614458e-03 8.43373494e-03 5.42168675e-03 7.22891566e-03
  8.43373494e-03 7.83132530e-03 5.06024096e-02 0.00000000e+00
  8.81325301e-01 2.16867470e-02]
 [6.89655172e-03 6.26959248e-03 2.50783699e-02 3.76175549e-03
  5.01567398e-03 3.76175549e-03 6.26959248e-03 3.13479624e-03
  4.38871473e-03 9.35423197e-01]]
[2024-09-28 00:55:55,750 INFO] 5000 iteration, USE_EMA: True, {'train/sup_loss': tensor(0.0006, device='cuda:0'), 'train/unsup_loss': tensor(0.1732, device='cuda:0'), 'train/total_loss': tensor(0.1738, device='cuda:0'), 'train/mask_ratio': tensor(0.9174, device='cuda:0'), 'lr': 0.029999355445794247, 'train/prefecth_time': 0.4669410095214844, 'train/run_time': 0.19045126342773439, 'eval/loss': tensor(0.2871, device='cuda:0'), 'eval/top-1-acc': 0.9237092808850645, 'eval/top-5-acc': 0.991779348494161, 'eval/precision': 0.9170642028952548, 'eval/recall': 0.9236979835518474, 'eval/F1': 0.9198715853964545, 'eval/AUC': 0.9948934416147162}, BEST_EVAL_ACC: 0.9237092808850645, at 5000 iters
[2024-09-28 00:55:56,001 INFO] model saved: ./exp/unimatch_v2_svhn_250labels_seed0/model_best.pth
[2024-09-28 01:21:56,336 INFO] model saved: ./exp/unimatch_v2_svhn_250labels_seed0/latest_model.pth
[2024-09-28 01:22:09,349 INFO] confusion matrix:
[[9.44954128e-01 4.01376147e-03 5.16055046e-03 1.14678899e-03
  1.72018349e-03 5.16055046e-03 2.06422018e-02 1.14678899e-03
  4.01376147e-03 1.20412844e-02]
 [1.31398313e-02 9.43910571e-01 5.88350657e-03 3.33398706e-03
  1.27475976e-02 3.53010394e-03 3.13787017e-03 1.00019612e-02
  1.76505197e-03 2.54951951e-03]
 [9.64087732e-04 5.54350446e-03 9.59508315e-01 1.10870089e-02
  6.50759219e-03 5.78452639e-03 2.41021933e-03 2.89226320e-03
  9.64087732e-04 4.33839479e-03]
 [2.08188758e-03 1.00624566e-02 7.98056905e-03 9.37890354e-01
  5.20471895e-03 1.49201943e-02 3.81679389e-03 1.73490632e-03
  6.93962526e-03 9.36849410e-03]
 [3.96353547e-03 7.53071740e-03 2.37812128e-03 3.96353547e-03
  9.73444312e-01 1.58541419e-03 7.92707095e-04 1.18906064e-03
  3.96353547e-04 4.75624257e-03]
 [1.25838926e-03 4.61409396e-03 6.71140940e-03 1.30033557e-02
  4.19463087e-03 9.55117450e-01 9.64765101e-03 8.38926174e-04
  1.67785235e-03 2.93624161e-03]
 [4.55235205e-03 4.04653515e-03 2.02326758e-03 7.58725341e-03
  4.55235205e-03 1.06221548e-02 9.61052099e-01 1.01163379e-03
  3.03490137e-03 1.51745068e-03]
 [1.48588410e-03 2.03070827e-02 5.94353640e-03 6.43883110e-03
  3.96235760e-03 4.45765230e-03 4.45765230e-03 9.49479941e-01
  9.90589401e-04 2.47647350e-03]
 [5.42168675e-03 4.21686747e-03 3.61445783e-03 6.62650602e-03
  6.02409639e-03 6.62650602e-03 2.95180723e-02 0.00000000e+00
  9.26506024e-01 1.14457831e-02]
 [7.52351097e-03 5.64263323e-03 1.63009404e-02 4.38871473e-03
  2.50783699e-03 3.76175549e-03 1.88087774e-03 1.88087774e-03
  5.64263323e-03 9.50470219e-01]]
[2024-09-28 01:22:09,359 INFO] 10000 iteration, USE_EMA: True, {'train/sup_loss': tensor(0.0040, device='cuda:0'), 'train/unsup_loss': tensor(0.1033, device='cuda:0'), 'train/total_loss': tensor(0.1073, device='cuda:0'), 'train/mask_ratio': tensor(0.9196, device='cuda:0'), 'lr': 0.02999742232637523, 'train/prefecth_time': 0.4765208435058594, 'train/run_time': 0.19163372802734374, 'eval/loss': tensor(0.2149, device='cuda:0'), 'eval/top-1-acc': 0.9507145052243393, 'eval/top-5-acc': 0.9938537185003073, 'eval/precision': 0.946421582263613, 'eval/recall': 0.9502333413545975, 'eval/F1': 0.9481773051878747, 'eval/AUC': 0.996623327942383}, BEST_EVAL_ACC: 0.9507145052243393, at 10000 iters
[2024-09-28 01:22:09,490 INFO] model saved: ./exp/unimatch_v2_svhn_250labels_seed0/model_best.pth
[2024-09-28 01:48:14,774 INFO] model saved: ./exp/unimatch_v2_svhn_250labels_seed0/latest_model.pth
[2024-09-28 01:48:27,912 INFO] confusion matrix:
[[9.55275229e-01 3.44036697e-03 4.58715596e-03 1.72018349e-03
  2.29357798e-03 4.58715596e-03 1.20412844e-02 1.72018349e-03
  1.72018349e-03 1.26146789e-02]
 [9.02137674e-03 9.56658168e-01 3.92233771e-03 2.35340263e-03
  1.07864287e-02 2.74563640e-03 2.94175328e-03 8.23690920e-03
  1.96116886e-03 1.37281820e-03]
 [9.64087732e-04 4.82043866e-03 9.63364666e-01 1.20510966e-02
  3.85635093e-03 5.54350446e-03 1.92817546e-03 3.37430706e-03
  2.41021933e-04 3.85635093e-03]
 [2.42886884e-03 5.89868147e-03 5.89868147e-03 9.54198473e-01
  3.81679389e-03 1.17973629e-02 3.46981263e-03 6.93962526e-04
  6.24566273e-03 5.55170021e-03]
 [3.17082838e-03 5.54894966e-03 1.98176774e-03 3.56718193e-03
  9.78200555e-01 1.18906064e-03 1.58541419e-03 1.18906064e-03
  3.96353547e-04 3.17082838e-03]
 [1.25838926e-03 3.35570470e-03 3.77516779e-03 1.09060403e-02
  3.77516779e-03 9.62248322e-01 8.38926174e-03 1.25838926e-03
  2.51677852e-03 2.51677852e-03]
 [6.57561963e-03 2.52908447e-03 2.02326758e-03 9.61052099e-03
  6.06980273e-03 1.16337886e-02 9.55993930e-01 1.51745068e-03
  3.54071826e-03 5.05816894e-04]
 [1.98117880e-03 1.83259039e-02 4.95294700e-03 3.96235760e-03
  2.47647350e-03 3.46706290e-03 1.98117880e-03 9.59385835e-01
  4.95294700e-04 2.97176820e-03]
 [6.62650602e-03 3.61445783e-03 3.01204819e-03 5.42168675e-03
  4.81927711e-03 5.42168675e-03 2.04819277e-02 0.00000000e+00
  9.42168675e-01 8.43373494e-03]
 [8.15047022e-03 5.01567398e-03 1.50470219e-02 6.26959248e-03
  2.50783699e-03 1.88087774e-03 1.25391850e-03 6.26959248e-04
  3.13479624e-03 9.56112853e-01]]
[2024-09-28 01:48:27,922 INFO] 15000 iteration, USE_EMA: True, {'train/sup_loss': tensor(0.0002, device='cuda:0'), 'train/unsup_loss': tensor(0.1177, device='cuda:0'), 'train/total_loss': tensor(0.1179, device='cuda:0'), 'train/mask_ratio': tensor(0.9464, device='cuda:0'), 'lr': 0.029994200724750647, 'train/prefecth_time': 0.0019324480295181275, 'train/run_time': 0.19161740112304687, 'eval/loss': tensor(0.1892, device='cuda:0'), 'eval/top-1-acc': 0.9591656422864168, 'eval/top-5-acc': 0.9940842040565457, 'eval/precision': 0.9554442242320567, 'eval/recall': 0.9583606706267979, 'eval/F1': 0.9568292640076737, 'eval/AUC': 0.99698424878351}, BEST_EVAL_ACC: 0.9591656422864168, at 15000 iters
[2024-09-28 01:48:28,204 INFO] model saved: ./exp/unimatch_v2_svhn_250labels_seed0/model_best.pth
[2024-09-28 02:14:44,571 INFO] model saved: ./exp/unimatch_v2_svhn_250labels_seed0/latest_model.pth
[2024-09-28 02:15:03,323 INFO] confusion matrix:
[[9.65596330e-01 4.58715596e-03 2.86697248e-03 1.72018349e-03
  5.73394495e-04 3.44036697e-03 1.03211009e-02 1.14678899e-03
  1.72018349e-03 8.02752294e-03]
 [6.66797411e-03 9.65483428e-01 4.31457148e-03 2.15728574e-03
  7.64855854e-03 2.54951951e-03 2.35340263e-03 6.07962346e-03
  1.56893509e-03 1.17670131e-03]
 [7.23065799e-04 6.02554832e-03 9.65774886e-01 1.06049651e-02
  3.37430706e-03 5.54350446e-03 1.44613160e-03 2.41021933e-03
  2.41021933e-04 3.85635093e-03]
 [2.42886884e-03 6.93962526e-03 3.81679389e-03 9.56627342e-01
  3.81679389e-03 1.11034004e-02 3.12283137e-03 1.04094379e-03
  4.51075642e-03 6.59264400e-03]
 [3.17082838e-03 7.13436385e-03 2.37812128e-03 1.98176774e-03
  9.80182323e-01 3.96353547e-04 1.98176774e-03 1.58541419e-03
  3.96353547e-04 7.92707095e-04]
 [1.67785235e-03 3.77516779e-03 3.77516779e-03 1.04865772e-02
  4.19463087e-03 9.61409396e-01 9.22818792e-03 8.38926174e-04
  2.09731544e-03 2.51677852e-03]
 [5.56398584e-03 3.03490137e-03 2.52908447e-03 4.55235205e-03
  3.54071826e-03 9.61052099e-03 9.66110268e-01 1.01163379e-03
  3.03490137e-03 1.01163379e-03]
 [1.48588410e-03 1.98117880e-02 5.94353640e-03 2.47647350e-03
  3.46706290e-03 2.97176820e-03 2.97176820e-03 9.58395245e-01
  9.90589401e-04 1.48588410e-03]
 [6.02409639e-03 3.01204819e-03 2.40963855e-03 6.62650602e-03
  4.81927711e-03 3.61445783e-03 1.86746988e-02 0.00000000e+00
  9.48192771e-01 6.62650602e-03]
 [8.15047022e-03 4.38871473e-03 1.50470219e-02 5.01567398e-03
  1.88087774e-03 3.13479624e-03 6.26959248e-04 6.26959248e-04
  3.76175549e-03 9.57366771e-01]]
[2024-09-28 02:15:03,441 INFO] 20000 iteration, USE_EMA: True, {'train/sup_loss': tensor(0.0002, device='cuda:0'), 'train/unsup_loss': tensor(0.0825, device='cuda:0'), 'train/total_loss': tensor(0.0826, device='cuda:0'), 'train/mask_ratio': tensor(0.9442, device='cuda:0'), 'lr': 0.02998969077929826, 'train/prefecth_time': 0.5090589904785157, 'train/run_time': 0.19210371398925782, 'eval/loss': tensor(0.1740, device='cuda:0'), 'eval/top-1-acc': 0.9635064535955746, 'eval/top-5-acc': 0.9948140749846343, 'eval/precision': 0.961034434932106, 'eval/recall': 0.9625138760139482, 'eval/F1': 0.9617184856681158, 'eval/AUC': 0.9972337817997462}, BEST_EVAL_ACC: 0.9635064535955746, at 20000 iters
[2024-09-28 02:15:03,663 INFO] model saved: ./exp/unimatch_v2_svhn_250labels_seed0/model_best.pth
[2024-09-28 02:41:05,894 INFO] model saved: ./exp/unimatch_v2_svhn_250labels_seed0/latest_model.pth
[2024-09-28 02:41:22,795 INFO] confusion matrix:
[[9.63302752e-01 4.01376147e-03 2.29357798e-03 2.29357798e-03
  0.00000000e+00 3.44036697e-03 1.54816514e-02 1.14678899e-03
  1.14678899e-03 6.88073394e-03]
 [7.64855854e-03 9.65091194e-01 3.72622083e-03 1.76505197e-03
  9.02137674e-03 1.56893509e-03 2.15728574e-03 7.06020788e-03
  1.56893509e-03 3.92233771e-04]
 [7.23065799e-04 5.54350446e-03 9.69149193e-01 7.47167992e-03
  3.85635093e-03 5.54350446e-03 1.20510966e-03 2.89226320e-03
  0.00000000e+00 3.61532899e-03]
 [1.38792505e-03 6.24566273e-03 4.16377516e-03 9.59750173e-01
  3.81679389e-03 8.67453158e-03 4.16377516e-03 6.93962526e-04
  5.20471895e-03 5.89868147e-03]
 [2.37812128e-03 5.94530321e-03 2.37812128e-03 3.17082838e-03
  9.82560444e-01 3.96353547e-04 1.18906064e-03 1.18906064e-03
  3.96353547e-04 3.96353547e-04]
 [8.38926174e-04 3.35570470e-03 3.77516779e-03 7.55033557e-03
  4.19463087e-03 9.66862416e-01 7.55033557e-03 8.38926174e-04
  2.09731544e-03 2.93624161e-03]
 [4.55235205e-03 3.54071826e-03 1.51745068e-03 4.55235205e-03
  3.54071826e-03 9.10470410e-03 9.67121902e-01 1.01163379e-03
  2.52908447e-03 2.52908447e-03]
 [9.90589401e-04 1.73353145e-02 5.44824170e-03 9.90589401e-04
  2.47647350e-03 2.97176820e-03 9.90589401e-04 9.66319960e-01
  4.95294700e-04 1.98117880e-03]
 [4.21686747e-03 1.80722892e-03 1.20481928e-03 5.42168675e-03
  6.02409639e-03 2.40963855e-03 1.38554217e-02 6.02409639e-04
  9.58433735e-01 6.02409639e-03]
 [5.01567398e-03 5.01567398e-03 1.25391850e-02 5.01567398e-03
  3.76175549e-03 3.13479624e-03 1.88087774e-03 6.26959248e-04
  2.50783699e-03 9.60501567e-01]]
[2024-09-28 02:41:22,806 INFO] 25000 iteration, USE_EMA: True, {'train/sup_loss': tensor(0.0002, device='cuda:0'), 'train/unsup_loss': tensor(0.1178, device='cuda:0'), 'train/total_loss': tensor(0.1180, device='cuda:0'), 'train/mask_ratio': tensor(0.9554, device='cuda:0'), 'lr': 0.0299838926837342, 'train/prefecth_time': 0.2982984619140625, 'train/run_time': 0.1902031707763672, 'eval/loss': tensor(0.1626, device='cuda:0'), 'eval/top-1-acc': 0.9664259373079287, 'eval/top-5-acc': 0.9953134603564844, 'eval/precision': 0.9639457636556881, 'eval/recall': 0.9659093337321746, 'eval/F1': 0.9648841077956531, 'eval/AUC': 0.9973961851637384}, BEST_EVAL_ACC: 0.9664259373079287, at 25000 iters
[2024-09-28 02:41:23,016 INFO] model saved: ./exp/unimatch_v2_svhn_250labels_seed0/model_best.pth
[2024-09-28 03:07:25,168 INFO] model saved: ./exp/unimatch_v2_svhn_250labels_seed0/latest_model.pth
[2024-09-28 03:07:40,707 INFO] confusion matrix:
[[9.73050459e-01 2.86697248e-03 1.72018349e-03 2.86697248e-03
  5.73394495e-04 4.01376147e-03 7.45412844e-03 1.14678899e-03
  1.14678899e-03 5.16055046e-03]
 [7.64855854e-03 9.66856246e-01 4.31457148e-03 1.56893509e-03
  7.45244166e-03 1.76505197e-03 2.54951951e-03 5.68738968e-03
  1.37281820e-03 7.84467543e-04]
 [7.23065799e-04 5.06146059e-03 9.70595324e-01 8.19474572e-03
  3.61532899e-03 5.06146059e-03 9.64087732e-04 2.16919740e-03
  2.41021933e-04 3.37430706e-03]
 [2.42886884e-03 5.55170021e-03 4.16377516e-03 9.60097155e-01
  3.81679389e-03 9.02151284e-03 3.81679389e-03 3.46981263e-04
  5.20471895e-03 5.55170021e-03]
 [3.17082838e-03 4.35988902e-03 1.98176774e-03 2.37812128e-03
  9.84145858e-01 3.96353547e-04 7.92707095e-04 1.98176774e-03
  3.96353547e-04 3.96353547e-04]
 [1.67785235e-03 3.35570470e-03 4.61409396e-03 9.22818792e-03
  3.77516779e-03 9.63506711e-01 7.13087248e-03 8.38926174e-04
  2.51677852e-03 3.35570470e-03]
 [4.55235205e-03 4.04653515e-03 2.52908447e-03 7.08143652e-03
  3.03490137e-03 6.06980273e-03 9.66616085e-01 1.51745068e-03
  3.03490137e-03 1.51745068e-03]
 [9.90589401e-04 1.58494304e-02 4.95294700e-03 2.47647350e-03
  2.47647350e-03 2.47647350e-03 4.95294700e-04 9.67310550e-01
  4.95294700e-04 2.47647350e-03]
 [4.21686747e-03 1.80722892e-03 1.80722892e-03 5.42168675e-03
  4.81927711e-03 2.40963855e-03 1.98795181e-02 6.02409639e-04
  9.50602410e-01 8.43373494e-03]
 [6.26959248e-03 3.76175549e-03 1.31661442e-02 5.01567398e-03
  3.13479624e-03 1.88087774e-03 1.88087774e-03 6.26959248e-04
  3.13479624e-03 9.61128527e-01]]
[2024-09-28 03:07:40,717 INFO] 30000 iteration, USE_EMA: True, {'train/sup_loss': tensor(0.0001, device='cuda:0'), 'train/unsup_loss': tensor(0.1134, device='cuda:0'), 'train/total_loss': tensor(0.1136, device='cuda:0'), 'train/mask_ratio': tensor(0.9643, device='cuda:0'), 'lr': 0.029976806687104632, 'train/prefecth_time': 0.262271484375, 'train/run_time': 0.19183903503417968, 'eval/loss': tensor(0.1604, device='cuda:0'), 'eval/top-1-acc': 0.9671173939766441, 'eval/top-5-acc': 0.9951982175783651, 'eval/precision': 0.9644668501826071, 'eval/recall': 0.9663909324520052, 'eval/F1': 0.9653770322369365, 'eval/AUC': 0.9974018148960249}, BEST_EVAL_ACC: 0.9671173939766441, at 30000 iters
[2024-09-28 03:07:41,004 INFO] model saved: ./exp/unimatch_v2_svhn_250labels_seed0/model_best.pth
[2024-09-28 03:33:51,772 INFO] model saved: ./exp/unimatch_v2_svhn_250labels_seed0/latest_model.pth
[2024-09-28 03:34:13,029 INFO] confusion matrix:
[[9.68463303e-01 2.29357798e-03 2.86697248e-03 3.44036697e-03
  1.14678899e-03 2.29357798e-03 1.08944954e-02 1.14678899e-03
  1.14678899e-03 6.30733945e-03]
 [8.43302608e-03 9.66071779e-01 3.72622083e-03 2.54951951e-03
  6.66797411e-03 1.37281820e-03 1.56893509e-03 7.06020788e-03
  1.37281820e-03 1.17670131e-03]
 [7.23065799e-04 5.54350446e-03 9.71800434e-01 6.74861412e-03
  3.61532899e-03 4.57941673e-03 1.20510966e-03 2.16919740e-03
  0.00000000e+00 3.61532899e-03]
 [2.08188758e-03 6.24566273e-03 4.16377516e-03 9.61485080e-01
  4.16377516e-03 9.36849410e-03 2.77585010e-03 1.04094379e-03
  3.46981263e-03 5.20471895e-03]
 [4.75624257e-03 5.54894966e-03 1.98176774e-03 2.37812128e-03
  9.81371383e-01 3.96353547e-04 1.18906064e-03 1.58541419e-03
  3.96353547e-04 3.96353547e-04]
 [1.67785235e-03 3.35570470e-03 4.61409396e-03 8.80872483e-03
  4.19463087e-03 9.65604027e-01 7.13087248e-03 8.38926174e-04
  1.67785235e-03 2.09731544e-03]
 [6.57561963e-03 4.04653515e-03 1.01163379e-03 5.56398584e-03
  4.55235205e-03 5.56398584e-03 9.67627719e-01 5.05816894e-04
  3.03490137e-03 1.51745068e-03]
 [1.48588410e-03 1.88211986e-02 5.44824170e-03 1.48588410e-03
  2.47647350e-03 1.98117880e-03 0.00000000e+00 9.65824666e-01
  4.95294700e-04 1.98117880e-03]
 [4.81927711e-03 1.80722892e-03 1.80722892e-03 5.42168675e-03
  3.61445783e-03 3.01204819e-03 1.68674699e-02 6.02409639e-04
  9.57228916e-01 4.81927711e-03]
 [5.64263323e-03 5.01567398e-03 1.44200627e-02 3.76175549e-03
  2.50783699e-03 1.88087774e-03 3.76175549e-03 6.26959248e-04
  2.50783699e-03 9.59874608e-01]]
[2024-09-28 03:34:13,039 INFO] 35000 iteration, USE_EMA: True, {'train/sup_loss': tensor(0.0005, device='cuda:0'), 'train/unsup_loss': tensor(0.0786, device='cuda:0'), 'train/total_loss': tensor(0.0791, device='cuda:0'), 'train/mask_ratio': tensor(0.9554, device='cuda:0'), 'lr': 0.029968433093775056, 'train/prefecth_time': 0.00453385591506958, 'train/run_time': 0.19239276123046875, 'eval/loss': tensor(0.1563, device='cuda:0'), 'eval/top-1-acc': 0.9672326367547633, 'eval/top-5-acc': 0.9954287031346035, 'eval/precision': 0.9649138930246037, 'eval/recall': 0.9665351913552138, 'eval/F1': 0.9656777493893086, 'eval/AUC': 0.9974639177185225}, BEST_EVAL_ACC: 0.9672326367547633, at 35000 iters
[2024-09-28 03:34:13,328 INFO] model saved: ./exp/unimatch_v2_svhn_250labels_seed0/model_best.pth
[2024-09-28 04:00:24,693 INFO] model saved: ./exp/unimatch_v2_svhn_250labels_seed0/latest_model.pth
[2024-09-28 04:00:39,866 INFO] confusion matrix:
[[9.72477064e-01 2.86697248e-03 2.29357798e-03 1.72018349e-03
  0.00000000e+00 3.44036697e-03 1.08944954e-02 1.72018349e-03
  5.73394495e-04 4.01376147e-03]
 [8.04079231e-03 9.68621298e-01 3.72622083e-03 1.96116886e-03
  6.86409100e-03 1.17670131e-03 1.76505197e-03 5.88350657e-03
  1.37281820e-03 5.88350657e-04]
 [9.64087732e-04 4.82043866e-03 9.72041456e-01 6.74861412e-03
  4.09737286e-03 5.06146059e-03 9.64087732e-04 2.16919740e-03
  4.82043866e-04 2.65124126e-03]
 [2.08188758e-03 6.93962526e-03 5.55170021e-03 9.61138099e-01
  3.81679389e-03 8.32755031e-03 3.12283137e-03 3.46981263e-04
  4.51075642e-03 4.16377516e-03]
 [3.17082838e-03 5.15259612e-03 1.58541419e-03 1.98176774e-03
  9.83749505e-01 3.96353547e-04 7.92707095e-04 1.58541419e-03
  3.96353547e-04 1.18906064e-03]
 [1.67785235e-03 2.51677852e-03 3.77516779e-03 9.22818792e-03
  3.35570470e-03 9.66442953e-01 6.71140940e-03 1.25838926e-03
  2.51677852e-03 2.51677852e-03]
 [5.56398584e-03 3.54071826e-03 5.05816894e-04 8.09307031e-03
  3.54071826e-03 6.06980273e-03 9.67627719e-01 1.51745068e-03
  2.02326758e-03 1.51745068e-03]
 [9.90589401e-04 1.73353145e-02 4.95294700e-03 1.98117880e-03
  2.97176820e-03 1.98117880e-03 0.00000000e+00 9.67805844e-01
  4.95294700e-04 1.48588410e-03]
 [4.81927711e-03 3.01204819e-03 1.80722892e-03 4.21686747e-03
  3.61445783e-03 2.40963855e-03 1.44578313e-02 6.02409639e-04
  9.61445783e-01 3.61445783e-03]
 [6.89655172e-03 4.38871473e-03 1.31661442e-02 3.76175549e-03
  3.76175549e-03 2.50783699e-03 3.13479624e-03 0.00000000e+00
  1.25391850e-03 9.61128527e-01]]
[2024-09-28 04:00:39,876 INFO] 40000 iteration, USE_EMA: True, {'train/sup_loss': tensor(0.0002, device='cuda:0'), 'train/unsup_loss': tensor(0.0935, device='cuda:0'), 'train/total_loss': tensor(0.0937, device='cuda:0'), 'train/mask_ratio': tensor(0.9554, device='cuda:0'), 'lr': 0.029958772263417244, 'train/prefecth_time': 0.48303521728515625, 'train/run_time': 0.19150778198242188, 'eval/loss': tensor(0.1546, device='cuda:0'), 'eval/top-1-acc': 0.9688076213890596, 'eval/top-5-acc': 0.9951213890596189, 'eval/precision': 0.9668167227584854, 'eval/recall': 0.968247824742889, 'eval/F1': 0.9674894105101896, 'eval/AUC': 0.9974942892737535}, BEST_EVAL_ACC: 0.9688076213890596, at 40000 iters
[2024-09-28 04:00:40,176 INFO] model saved: ./exp/unimatch_v2_svhn_250labels_seed0/model_best.pth
[2024-09-28 04:26:50,218 INFO] model saved: ./exp/unimatch_v2_svhn_250labels_seed0/latest_model.pth
[2024-09-28 04:27:04,474 INFO] confusion matrix:
[[9.75917431e-01 3.44036697e-03 2.29357798e-03 2.29357798e-03
  5.73394495e-04 2.86697248e-03 7.45412844e-03 1.14678899e-03
  1.72018349e-03 2.29357798e-03]
 [8.23690920e-03 9.67248480e-01 4.31457148e-03 1.76505197e-03
  7.25632477e-03 1.37281820e-03 1.56893509e-03 6.07962346e-03
  1.37281820e-03 7.84467543e-04]
 [7.23065799e-04 4.33839479e-03 9.74933719e-01 5.30248253e-03
  3.61532899e-03 4.57941673e-03 1.20510966e-03 2.41021933e-03
  2.41021933e-04 2.65124126e-03]
 [1.73490632e-03 5.89868147e-03 4.51075642e-03 9.61138099e-01
  3.12283137e-03 8.67453158e-03 3.12283137e-03 3.46981263e-04
  4.85773768e-03 6.59264400e-03]
 [3.17082838e-03 5.15259612e-03 1.58541419e-03 2.37812128e-03
  9.83353151e-01 7.92707095e-04 7.92707095e-04 1.58541419e-03
  3.96353547e-04 7.92707095e-04]
 [1.25838926e-03 3.35570470e-03 4.19463087e-03 9.64765101e-03
  4.19463087e-03 9.64345638e-01 7.55033557e-03 8.38926174e-04
  2.09731544e-03 2.51677852e-03]
 [6.06980273e-03 2.52908447e-03 1.01163379e-03 7.58725341e-03
  4.55235205e-03 4.55235205e-03 9.68639353e-01 5.05816894e-04
  3.03490137e-03 1.51745068e-03]
 [9.90589401e-04 1.43635463e-02 4.95294700e-03 1.98117880e-03
  2.97176820e-03 1.98117880e-03 4.95294700e-04 9.70282318e-01
  4.95294700e-04 1.48588410e-03]
 [4.81927711e-03 1.80722892e-03 1.80722892e-03 5.42168675e-03
  3.61445783e-03 4.21686747e-03 1.62650602e-02 6.02409639e-04
  9.57831325e-01 3.61445783e-03]
 [6.89655172e-03 3.76175549e-03 1.12852665e-02 3.13479624e-03
  3.13479624e-03 3.13479624e-03 3.13479624e-03 0.00000000e+00
  3.76175549e-03 9.61755486e-01]]
[2024-09-28 04:27:04,484 INFO] 45000 iteration, USE_EMA: True, {'train/sup_loss': tensor(0.0004, device='cuda:0'), 'train/unsup_loss': tensor(0.0942, device='cuda:0'), 'train/total_loss': tensor(0.0946, device='cuda:0'), 'train/mask_ratio': tensor(0.9621, device='cuda:0'), 'lr': 0.029947824610993785, 'train/prefecth_time': 0.5196815185546875, 'train/run_time': 0.19120118713378906, 'eval/loss': tensor(0.1527, device='cuda:0'), 'eval/top-1-acc': 0.9690765212046711, 'eval/top-5-acc': 0.9953134603564844, 'eval/precision': 0.9666168530112154, 'eval/recall': 0.968544499912069, 'eval/F1': 0.9675328389432536, 'eval/AUC': 0.997499300661494}, BEST_EVAL_ACC: 0.9690765212046711, at 45000 iters
[2024-09-28 04:27:04,703 INFO] model saved: ./exp/unimatch_v2_svhn_250labels_seed0/model_best.pth
[2024-09-28 04:53:19,570 INFO] model saved: ./exp/unimatch_v2_svhn_250labels_seed0/latest_model.pth
[2024-09-28 04:53:38,538 INFO] confusion matrix:
[[9.77064220e-01 2.86697248e-03 2.86697248e-03 1.72018349e-03
  0.00000000e+00 3.44036697e-03 6.88073394e-03 1.14678899e-03
  5.73394495e-04 3.44036697e-03]
 [7.45244166e-03 9.69013532e-01 3.53010394e-03 1.96116886e-03
  6.86409100e-03 1.96116886e-03 1.56893509e-03 5.09903903e-03
  1.37281820e-03 1.17670131e-03]
 [7.23065799e-04 4.82043866e-03 9.73487587e-01 6.02554832e-03
  3.85635093e-03 4.82043866e-03 1.20510966e-03 1.92817546e-03
  4.82043866e-04 2.65124126e-03]
 [2.08188758e-03 6.59264400e-03 4.16377516e-03 9.63913949e-01
  2.42886884e-03 6.93962526e-03 2.42886884e-03 6.93962526e-04
  4.51075642e-03 6.24566273e-03]
 [3.17082838e-03 5.94530321e-03 1.98176774e-03 2.37812128e-03
  9.81767737e-01 7.92707095e-04 7.92707095e-04 1.58541419e-03
  7.92707095e-04 7.92707095e-04]
 [1.67785235e-03 3.35570470e-03 4.19463087e-03 7.55033557e-03
  3.35570470e-03 9.67281879e-01 7.13087248e-03 8.38926174e-04
  2.09731544e-03 2.51677852e-03]
 [5.05816894e-03 3.03490137e-03 2.02326758e-03 7.58725341e-03
  3.54071826e-03 6.57561963e-03 9.67121902e-01 5.05816894e-04
  2.52908447e-03 2.02326758e-03]
 [1.98117880e-03 1.93164933e-02 5.94353640e-03 9.90589401e-04
  1.98117880e-03 1.48588410e-03 0.00000000e+00 9.66815255e-01
  4.95294700e-04 9.90589401e-04]
 [5.42168675e-03 1.80722892e-03 1.80722892e-03 4.81927711e-03
  3.61445783e-03 2.40963855e-03 1.02409639e-02 0.00000000e+00
  9.65662651e-01 4.21686747e-03]
 [6.89655172e-03 3.76175549e-03 1.25391850e-02 3.13479624e-03
  1.25391850e-03 2.50783699e-03 1.25391850e-03 0.00000000e+00
  3.76175549e-03 9.64890282e-01]]
[2024-09-28 04:53:38,548 INFO] 50000 iteration, USE_EMA: True, {'train/sup_loss': tensor(0.0003, device='cuda:0'), 'train/unsup_loss': tensor(0.0856, device='cuda:0'), 'train/total_loss': tensor(0.0859, device='cuda:0'), 'train/mask_ratio': tensor(0.9710, device='cuda:0'), 'lr': 0.029935590606740264, 'train/prefecth_time': 0.0018720959424972535, 'train/run_time': 0.1928297882080078, 'eval/loss': tensor(0.1519, device='cuda:0'), 'eval/top-1-acc': 0.969998463429625, 'eval/top-5-acc': 0.995659188690842, 'eval/precision': 0.9681102719913008, 'eval/recall': 0.9697018993964059, 'eval/F1': 0.9688709733657467, 'eval/AUC': 0.9975451814209094}, BEST_EVAL_ACC: 0.969998463429625, at 50000 iters
[2024-09-28 04:53:38,866 INFO] model saved: ./exp/unimatch_v2_svhn_250labels_seed0/model_best.pth
[2024-09-28 05:19:49,127 INFO] model saved: ./exp/unimatch_v2_svhn_250labels_seed0/latest_model.pth
[2024-09-28 05:20:06,118 INFO] confusion matrix:
[[9.74770642e-01 4.58715596e-03 2.29357798e-03 1.72018349e-03
  0.00000000e+00 4.01376147e-03 8.60091743e-03 1.14678899e-03
  5.73394495e-04 2.29357798e-03]
 [5.88350657e-03 9.70386350e-01 3.33398706e-03 2.15728574e-03
  6.47185723e-03 1.17670131e-03 2.35340263e-03 5.88350657e-03
  1.37281820e-03 9.80584428e-04]
 [7.23065799e-04 4.57941673e-03 9.75415763e-01 5.54350446e-03
  3.61532899e-03 3.61532899e-03 1.20510966e-03 1.68715353e-03
  4.82043866e-04 3.13328513e-03]
 [1.38792505e-03 6.24566273e-03 4.16377516e-03 9.66689799e-01
  2.42886884e-03 7.63358779e-03 2.77585010e-03 6.93962526e-04
  4.16377516e-03 3.81679389e-03]
 [3.17082838e-03 4.75624257e-03 2.37812128e-03 2.37812128e-03
  9.82956797e-01 7.92707095e-04 7.92707095e-04 1.58541419e-03
  3.96353547e-04 7.92707095e-04]
 [8.38926174e-04 3.35570470e-03 3.77516779e-03 7.13087248e-03
  3.77516779e-03 9.67281879e-01 6.29194631e-03 1.25838926e-03
  3.35570470e-03 2.93624161e-03]
 [5.56398584e-03 3.03490137e-03 1.51745068e-03 6.57561963e-03
  3.54071826e-03 5.56398584e-03 9.69145169e-01 1.01163379e-03
  2.52908447e-03 1.51745068e-03]
 [1.98117880e-03 1.78306092e-02 4.95294700e-03 9.90589401e-04
  2.47647350e-03 2.47647350e-03 9.90589401e-04 9.66319960e-01
  4.95294700e-04 1.48588410e-03]
 [4.81927711e-03 1.80722892e-03 1.20481928e-03 4.21686747e-03
  3.01204819e-03 6.02409639e-04 1.32530120e-02 6.02409639e-04
  9.65060241e-01 5.42168675e-03]
 [5.64263323e-03 3.76175549e-03 1.19122257e-02 3.13479624e-03
  1.88087774e-03 2.50783699e-03 3.13479624e-03 6.26959248e-04
  2.50783699e-03 9.64890282e-01]]
[2024-09-28 05:20:06,128 INFO] 55000 iteration, USE_EMA: True, {'train/sup_loss': tensor(0.0001, device='cuda:0'), 'train/unsup_loss': tensor(0.0933, device='cuda:0'), 'train/total_loss': tensor(0.0934, device='cuda:0'), 'train/mask_ratio': tensor(0.9576, device='cuda:0'), 'lr': 0.02992207077614505, 'train/prefecth_time': 0.0019143040180206298, 'train/run_time': 0.19254197692871095, 'eval/loss': tensor(0.1495, device='cuda:0'), 'eval/top-1-acc': 0.9709204056545789, 'eval/top-5-acc': 0.9952366318377381, 'eval/precision': 0.9689511560166826, 'eval/recall': 0.9702916883630446, 'eval/F1': 0.9695955762617364, 'eval/AUC': 0.9976185434631983}, BEST_EVAL_ACC: 0.9709204056545789, at 55000 iters
[2024-09-28 05:20:06,347 INFO] model saved: ./exp/unimatch_v2_svhn_250labels_seed0/model_best.pth
[2024-09-28 05:45:57,156 INFO] model saved: ./exp/unimatch_v2_svhn_250labels_seed0/latest_model.pth
[2024-09-28 05:46:10,433 INFO] confusion matrix:
[[9.75917431e-01 4.01376147e-03 2.29357798e-03 1.72018349e-03
  0.00000000e+00 2.86697248e-03 8.60091743e-03 1.14678899e-03
  5.73394495e-04 2.86697248e-03]
 [6.86409100e-03 9.71366935e-01 3.33398706e-03 2.35340263e-03
  6.07962346e-03 1.37281820e-03 1.56893509e-03 5.09903903e-03
  1.17670131e-03 7.84467543e-04]
 [7.23065799e-04 4.09737286e-03 9.75897807e-01 5.78452639e-03
  2.89226320e-03 4.09737286e-03 1.44613160e-03 1.68715353e-03
  4.82043866e-04 2.89226320e-03]
 [1.73490632e-03 5.89868147e-03 3.12283137e-03 9.66342817e-01
  2.77585010e-03 6.93962526e-03 3.81679389e-03 0.00000000e+00
  3.46981263e-03 5.89868147e-03]
 [1.98176774e-03 5.15259612e-03 2.37812128e-03 2.77447483e-03
  9.82956797e-01 7.92707095e-04 7.92707095e-04 1.58541419e-03
  3.96353547e-04 1.18906064e-03]
 [1.25838926e-03 2.51677852e-03 4.61409396e-03 7.55033557e-03
  2.93624161e-03 9.67281879e-01 7.96979866e-03 1.25838926e-03
  1.67785235e-03 2.93624161e-03]
 [6.06980273e-03 3.03490137e-03 1.51745068e-03 6.57561963e-03
  3.03490137e-03 5.05816894e-03 9.70156803e-01 1.01163379e-03
  1.51745068e-03 2.02326758e-03]
 [9.90589401e-04 1.93164933e-02 3.96235760e-03 9.90589401e-04
  1.48588410e-03 1.48588410e-03 4.95294700e-04 9.69291729e-01
  4.95294700e-04 1.48588410e-03]
 [4.81927711e-03 1.80722892e-03 1.80722892e-03 5.42168675e-03
  3.01204819e-03 1.20481928e-03 1.56626506e-02 6.02409639e-04
  9.61445783e-01 4.21686747e-03]
 [6.89655172e-03 4.38871473e-03 1.31661442e-02 2.50783699e-03
  1.25391850e-03 3.13479624e-03 2.50783699e-03 0.00000000e+00
  2.50783699e-03 9.63636364e-01]]
[2024-09-28 05:46:10,443 INFO] 60000 iteration, USE_EMA: True, {'train/sup_loss': tensor(0.0004, device='cuda:0'), 'train/unsup_loss': tensor(0.1031, device='cuda:0'), 'train/total_loss': tensor(0.1035, device='cuda:0'), 'train/mask_ratio': tensor(0.9754, device='cuda:0'), 'lr': 0.029907265699926754, 'train/prefecth_time': 0.0018772799968719482, 'train/run_time': 0.19111669921875, 'eval/loss': tensor(0.1493, device='cuda:0'), 'eval/top-1-acc': 0.9712277197295636, 'eval/top-5-acc': 0.9953902888752305, 'eval/precision': 0.9692925796314735, 'eval/recall': 0.9704294345316598, 'eval/F1': 0.9698243825647019, 'eval/AUC': 0.9975486721959789}, BEST_EVAL_ACC: 0.9712277197295636, at 60000 iters
[2024-09-28 05:46:10,706 INFO] model saved: ./exp/unimatch_v2_svhn_250labels_seed0/model_best.pth
[2024-09-28 06:12:09,829 INFO] model saved: ./exp/unimatch_v2_svhn_250labels_seed0/latest_model.pth
[2024-09-28 06:12:28,907 INFO] confusion matrix:
[[9.77064220e-01 3.44036697e-03 2.86697248e-03 2.29357798e-03
  0.00000000e+00 2.29357798e-03 7.45412844e-03 1.14678899e-03
  5.73394495e-04 2.86697248e-03]
 [8.43302608e-03 9.66464013e-01 3.53010394e-03 2.15728574e-03
  6.86409100e-03 1.37281820e-03 1.56893509e-03 7.64855854e-03
  1.17670131e-03 7.84467543e-04]
 [7.23065799e-04 4.82043866e-03 9.75897807e-01 4.33839479e-03
  3.61532899e-03 4.33839479e-03 1.44613160e-03 1.44613160e-03
  2.41021933e-04 3.13328513e-03]
 [1.73490632e-03 5.20471895e-03 3.12283137e-03 9.67383761e-01
  2.77585010e-03 7.98056905e-03 3.12283137e-03 6.93962526e-04
  4.16377516e-03 3.81679389e-03]
 [2.77447483e-03 4.35988902e-03 1.98176774e-03 3.56718193e-03
  9.83749505e-01 3.96353547e-04 7.92707095e-04 1.58541419e-03
  3.96353547e-04 3.96353547e-04]
 [8.38926174e-04 2.93624161e-03 4.61409396e-03 8.38926174e-03
  3.35570470e-03 9.67281879e-01 7.13087248e-03 1.25838926e-03
  1.67785235e-03 2.51677852e-03]
 [4.55235205e-03 3.54071826e-03 2.02326758e-03 7.58725341e-03
  2.52908447e-03 6.06980273e-03 9.69650986e-01 1.01163379e-03
  2.52908447e-03 5.05816894e-04]
 [9.90589401e-04 1.53541357e-02 4.45765230e-03 9.90589401e-04
  2.47647350e-03 1.98117880e-03 0.00000000e+00 9.71272907e-01
  4.95294700e-04 1.98117880e-03]
 [4.81927711e-03 1.20481928e-03 1.20481928e-03 6.02409639e-03
  3.01204819e-03 6.02409639e-04 1.44578313e-02 6.02409639e-04
  9.63855422e-01 4.21686747e-03]
 [6.26959248e-03 5.01567398e-03 1.56739812e-02 3.76175549e-03
  1.25391850e-03 1.88087774e-03 2.50783699e-03 6.26959248e-04
  3.13479624e-03 9.59874608e-01]]
[2024-09-28 06:12:28,918 INFO] 65000 iteration, USE_EMA: True, {'train/sup_loss': tensor(0.0003, device='cuda:0'), 'train/unsup_loss': tensor(0.0733, device='cuda:0'), 'train/total_loss': tensor(0.0736, device='cuda:0'), 'train/mask_ratio': tensor(0.9576, device='cuda:0'), 'lr': 0.029891176014009247, 'train/prefecth_time': 0.33352001953125, 'train/run_time': 0.19057603454589844, 'eval/loss': tensor(0.1468, device='cuda:0'), 'eval/top-1-acc': 0.9705746773202213, 'eval/top-5-acc': 0.9955823601720959, 'eval/precision': 0.9685802020275833, 'eval/recall': 0.9702495108025015, 'eval/F1': 0.9693757486465499, 'eval/AUC': 0.9975997103213942}, BEST_EVAL_ACC: 0.9712277197295636, at 60000 iters
[2024-09-28 06:38:30,586 INFO] model saved: ./exp/unimatch_v2_svhn_250labels_seed0/latest_model.pth
[2024-09-28 06:38:46,038 INFO] confusion matrix:
[[9.78784404e-01 3.44036697e-03 2.86697248e-03 1.72018349e-03
  0.00000000e+00 2.86697248e-03 6.88073394e-03 1.14678899e-03
  5.73394495e-04 1.72018349e-03]
 [6.66797411e-03 9.70974701e-01 3.33398706e-03 2.35340263e-03
  5.88350657e-03 1.37281820e-03 1.96116886e-03 5.29515591e-03
  1.37281820e-03 7.84467543e-04]
 [7.23065799e-04 4.57941673e-03 9.76379851e-01 4.82043866e-03
  3.61532899e-03 4.57941673e-03 9.64087732e-04 1.44613160e-03
  2.41021933e-04 2.65124126e-03]
 [1.38792505e-03 5.55170021e-03 3.81679389e-03 9.67036780e-01
  3.12283137e-03 6.93962526e-03 2.77585010e-03 0.00000000e+00
  5.20471895e-03 4.16377516e-03]
 [3.96353547e-03 4.75624257e-03 1.58541419e-03 3.96353547e-03
  9.82164090e-01 3.96353547e-04 7.92707095e-04 1.58541419e-03
  3.96353547e-04 3.96353547e-04]
 [8.38926174e-04 3.77516779e-03 2.51677852e-03 8.38926174e-03
  2.09731544e-03 9.69798658e-01 5.87248322e-03 1.25838926e-03
  2.51677852e-03 2.93624161e-03]
 [5.05816894e-03 2.52908447e-03 1.51745068e-03 7.08143652e-03
  3.03490137e-03 6.06980273e-03 9.70156803e-01 1.01163379e-03
  2.02326758e-03 1.51745068e-03]
 [1.48588410e-03 1.93164933e-02 4.45765230e-03 9.90589401e-04
  3.46706290e-03 1.48588410e-03 4.95294700e-04 9.66319960e-01
  4.95294700e-04 1.48588410e-03]
 [5.42168675e-03 2.40963855e-03 1.20481928e-03 4.81927711e-03
  3.01204819e-03 0.00000000e+00 1.44578313e-02 0.00000000e+00
  9.64457831e-01 4.21686747e-03]
 [6.89655172e-03 4.38871473e-03 1.50470219e-02 3.13479624e-03
  1.88087774e-03 3.13479624e-03 1.88087774e-03 0.00000000e+00
  3.13479624e-03 9.60501567e-01]]
[2024-09-28 06:38:46,048 INFO] 70000 iteration, USE_EMA: True, {'train/sup_loss': tensor(0.0001, device='cuda:0'), 'train/unsup_loss': tensor(0.0658, device='cuda:0'), 'train/total_loss': tensor(0.0659, device='cuda:0'), 'train/mask_ratio': tensor(0.9554, device='cuda:0'), 'lr': 0.02987380240949439, 'train/prefecth_time': 0.0019906879663467406, 'train/run_time': 0.19085398864746095, 'eval/loss': tensor(0.1475, device='cuda:0'), 'eval/top-1-acc': 0.9714197910264291, 'eval/top-5-acc': 0.9955439459127228, 'eval/precision': 0.9696923078899117, 'eval/recall': 0.9706574645595556, 'eval/F1': 0.9701404689183045, 'eval/AUC': 0.9975779837924272}, BEST_EVAL_ACC: 0.9714197910264291, at 70000 iters
[2024-09-28 06:38:46,325 INFO] model saved: ./exp/unimatch_v2_svhn_250labels_seed0/model_best.pth
[2024-09-28 07:04:47,123 INFO] model saved: ./exp/unimatch_v2_svhn_250labels_seed0/latest_model.pth
[2024-09-28 07:05:02,876 INFO] confusion matrix:
[[9.77637615e-01 4.01376147e-03 2.86697248e-03 1.72018349e-03
  0.00000000e+00 2.86697248e-03 6.30733945e-03 1.14678899e-03
  5.73394495e-04 2.86697248e-03]
 [7.64855854e-03 9.69601883e-01 3.13787017e-03 2.35340263e-03
  6.47185723e-03 1.56893509e-03 1.56893509e-03 5.49127280e-03
  1.17670131e-03 9.80584428e-04]
 [7.23065799e-04 3.85635093e-03 9.77343938e-01 4.57941673e-03
  3.37430706e-03 4.57941673e-03 9.64087732e-04 1.68715353e-03
