[2024-09-27 21:47:41,979 WARNING] USE GPU: 0 for training
[2024-09-27 21:47:42,123 INFO] Number of Trainable Params: 1469642
[2024-09-27 21:47:42,978 INFO] model_arch: <models.unimatch_v2.unimatch_v2.UniMatchV2 object at 0x40011514bee0>
[2024-09-27 21:47:42,978 INFO] Arguments: Namespace(save_dir='./exp', save_name='unimatch_v2_svhn_40labels_seed1', resume=True, load_path='None', overwrite=False, use_tensorboard=True, epoch=1, num_train_iter=1048576, num_eval_iter=5000, num_labels=40, batch_size=64, uratio=7, eval_batch_size=1024, hard_label=True, T=0.5, p_cutoff=0.95, ema_m=0.999, ulb_loss_ratio=1.0, optim='SGD', lr=0.03, momentum=0.9, weight_decay=0.0005, amp=False, clip=0, net='WideResNet', net_from_name=False, depth=28, widen_factor=2, leaky_slope=0.1, dropout=0.0, data_dir='./data', dataset='svhn', train_sampler='RandomSampler', num_classes=10, num_workers=1, world_size=1, rank=0, dist_url='tcp://127.0.0.1:25783', dist_backend='nccl', seed=1, gpu=0, multiprocessing_distributed=True, c='config/unimatch_v2_svhn_40labels_seed1.yaml', use_da=False, alg='unimatch_v2', distributed=True, bn_momentum=0.0010000000000000009)
[2024-09-28 00:15:24,772 INFO] [!] data loader keys: dict_keys(['train_lb', 'train_ulb', 'eval'])
[2024-09-28 00:15:39,604 INFO] confusion matrix:
[[0. 0. 0. 0. 0. 0. 0. 0. 0. 1.]
 [0. 0. 0. 0. 0. 0. 0. 0. 0. 1.]
 [0. 0. 0. 0. 0. 0. 0. 0. 0. 1.]
 [0. 0. 0. 0. 0. 0. 0. 0. 0. 1.]
 [0. 0. 0. 0. 0. 0. 0. 0. 0. 1.]
 [0. 0. 0. 0. 0. 0. 0. 0. 0. 1.]
 [0. 0. 0. 0. 0. 0. 0. 0. 0. 1.]
 [0. 0. 0. 0. 0. 0. 0. 0. 0. 1.]
 [0. 0. 0. 0. 0. 0. 0. 0. 0. 1.]
 [0. 0. 0. 0. 0. 0. 0. 0. 0. 1.]]
[2024-09-28 00:19:29,538 INFO] model saved: ./exp/unimatch_v2_svhn_40labels_seed1/latest_model.pth
[2024-09-28 00:19:42,197 INFO] confusion matrix:
[[0. 0. 0. 0. 0. 0. 0. 0. 0. 1.]
 [0. 0. 0. 0. 0. 0. 0. 0. 0. 1.]
 [0. 0. 0. 0. 0. 0. 0. 0. 0. 1.]
 [0. 0. 0. 0. 0. 0. 0. 0. 0. 1.]
 [0. 0. 0. 0. 0. 0. 0. 0. 0. 1.]
 [0. 0. 0. 0. 0. 0. 0. 0. 0. 1.]
 [0. 0. 0. 0. 0. 0. 0. 0. 0. 1.]
 [0. 0. 0. 0. 0. 0. 0. 0. 0. 1.]
 [0. 0. 0. 0. 0. 0. 0. 0. 0. 1.]
 [0. 0. 0. 0. 0. 0. 0. 0. 0. 1.]]
[2024-09-28 00:19:42,206 INFO] 0 iteration, USE_EMA: True, {'train/sup_loss': tensor(2.2991, device='cuda:0'), 'train/unsup_loss': tensor(0., device='cuda:0'), 'train/total_loss': tensor(2.2991, device='cuda:0'), 'train/mask_ratio': tensor(0., device='cuda:0'), 'lr': 0.029999999999974228, 'train/prefecth_time': 237.08796875, 'train/run_time': 1.40359716796875, 'eval/loss': tensor(26.5275, device='cuda:0'), 'eval/top-1-acc': 0.06127074370006146, 'eval/top-5-acc': 0.5049170251997541, 'eval/precision': 0.006127074370006146, 'eval/recall': 0.1, 'eval/F1': 0.011546675353820538, 'eval/AUC': 0.5015585501403045}, BEST_EVAL_ACC: 0.06127074370006146, at 0 iters
[2024-09-28 00:19:42,499 INFO] model saved: ./exp/unimatch_v2_svhn_40labels_seed1/model_best.pth
[2024-09-28 00:45:36,643 INFO] model saved: ./exp/unimatch_v2_svhn_40labels_seed1/latest_model.pth
[2024-09-28 00:46:00,827 INFO] confusion matrix:
[[0.09805046 0.04415138 0.30561927 0.08944954 0.04529817 0.00573394
  0.02006881 0.19094037 0.01433486 0.18635321]
 [0.1010002  0.07177878 0.28123161 0.06648362 0.10962934 0.0011767
  0.01039419 0.2241616  0.01294371 0.12120024]
 [0.09520366 0.03663533 0.35912268 0.08218848 0.10291637 0.01783562
  0.01470234 0.16172572 0.01397927 0.11569053]
 [0.0943789  0.04198473 0.30950729 0.08813324 0.12179042 0.01179736
  0.01318529 0.18598196 0.01630812 0.11693269]
 [0.09948474 0.05826397 0.28616726 0.06302021 0.16012683 0.00198177
  0.00951249 0.20531114 0.01307967 0.10305192]
 [0.09815436 0.03355705 0.35780201 0.08431208 0.07969799 0.0272651
  0.01048658 0.16107383 0.02097315 0.12667785]
 [0.10116338 0.03540718 0.32675771 0.08548306 0.05867476 0.01517451
  0.01719777 0.19878604 0.01770359 0.143652  ]
 [0.10203071 0.05299653 0.29321446 0.07231303 0.11292719 0.00396236
  0.01089648 0.22535909 0.01783061 0.10846954]
 [0.0939759  0.03855422 0.34939759 0.06506024 0.06746988 0.01807229
  0.01807229 0.17168675 0.0186747  0.15903614]
 [0.10031348 0.04326019 0.3184953  0.08025078 0.08589342 0.01567398
  0.01316614 0.17617555 0.02131661 0.14545455]]
[2024-09-28 00:46:00,839 INFO] 5000 iteration, USE_EMA: True, {'train/sup_loss': tensor(0.0015, device='cuda:0'), 'train/unsup_loss': tensor(0.3847, device='cuda:0'), 'train/total_loss': tensor(0.3862, device='cuda:0'), 'train/mask_ratio': tensor(0.4085, device='cuda:0'), 'lr': 0.029999355445794247, 'train/prefecth_time': 0.002257823944091797, 'train/run_time': 0.19655734252929688, 'eval/loss': tensor(4.7129, device='cuda:0'), 'eval/top-1-acc': 0.13452673632452367, 'eval/top-5-acc': 0.5536647203441918, 'eval/precision': 0.13828256377610018, 'eval/recall': 0.12111632009568991, 'eval/F1': 0.10286174330973327, 'eval/AUC': 0.5257586589743426}, BEST_EVAL_ACC: 0.13452673632452367, at 5000 iters
[2024-09-28 00:46:01,017 INFO] model saved: ./exp/unimatch_v2_svhn_40labels_seed1/model_best.pth
[2024-09-28 01:11:37,008 INFO] model saved: ./exp/unimatch_v2_svhn_40labels_seed1/latest_model.pth
[2024-09-28 01:11:51,293 INFO] confusion matrix:
[[0.13360092 0.06479358 0.3021789  0.06364679 0.0728211  0.00172018
  0.02694954 0.18233945 0.05332569 0.09862385]
 [0.12100412 0.09707786 0.28476172 0.05491273 0.13924299 0.00137282
  0.00843303 0.21886644 0.03922338 0.03510492]
 [0.09038322 0.04097373 0.48204387 0.07013738 0.07977826 0.01036394
  0.00650759 0.08652687 0.05447096 0.07881417]
 [0.09507287 0.05031228 0.41498959 0.0666204  0.08362248 0.01734906
  0.00902151 0.1165857  0.0610687  0.08535739]
 [0.10107015 0.078478   0.42568371 0.05311138 0.13198573 0.00118906
  0.00871978 0.11494253 0.04161712 0.04320254]
 [0.09857383 0.03062081 0.43456376 0.06795302 0.05285235 0.04194631
  0.00755034 0.08305369 0.07424497 0.10864094]
 [0.10419828 0.04046535 0.40768842 0.05968639 0.04602934 0.01820941
  0.01669196 0.12493677 0.08345979 0.09863429]
 [0.10797424 0.06488361 0.34026746 0.05943536 0.12828133 0.00495295
  0.00544824 0.19712729 0.05349183 0.03813769]
 [0.1060241  0.04879518 0.40361446 0.04759036 0.04277108 0.01445783
  0.01626506 0.09518072 0.08072289 0.14457831]
 [0.11347962 0.04200627 0.41253918 0.06833856 0.05705329 0.01630094
  0.0169279  0.09655172 0.07147335 0.10532915]]
[2024-09-28 01:11:51,307 INFO] 10000 iteration, USE_EMA: True, {'train/sup_loss': tensor(0.0028, device='cuda:0'), 'train/unsup_loss': tensor(0.2969, device='cuda:0'), 'train/total_loss': tensor(0.2998, device='cuda:0'), 'train/mask_ratio': tensor(0.3326, device='cuda:0'), 'lr': 0.02999742232637523, 'train/prefecth_time': 0.0024555840492248536, 'train/run_time': 0.19595968627929689, 'eval/loss': tensor(4.8637, device='cuda:0'), 'eval/top-1-acc': 0.15696066379840196, 'eval/top-5-acc': 0.5968039336201598, 'eval/precision': 0.1595541077024405, 'eval/recall': 0.13531463777426495, 'eval/F1': 0.11793238407504832, 'eval/AUC': 0.5494120861083231}, BEST_EVAL_ACC: 0.15696066379840196, at 10000 iters
[2024-09-28 01:11:51,524 INFO] model saved: ./exp/unimatch_v2_svhn_40labels_seed1/model_best.pth
[2024-09-28 01:37:37,515 INFO] model saved: ./exp/unimatch_v2_svhn_40labels_seed1/latest_model.pth
[2024-09-28 01:37:51,810 INFO] confusion matrix:
[[0.13646789 0.02293578 0.31536697 0.03211009 0.00802752 0.00860092
  0.05389908 0.14162844 0.02694954 0.25401376]
 [0.10904099 0.14159639 0.2798588  0.03765444 0.01706217 0.00137282
  0.01666994 0.30241224 0.01451265 0.07981957]
 [0.07809111 0.00891781 0.57531935 0.03615329 0.01036394 0.00698964
  0.02145095 0.02265606 0.02482526 0.21523259]
 [0.08188758 0.00902151 0.51179736 0.03400416 0.00451076 0.02498265
  0.02290076 0.02359473 0.05655795 0.23074254]
 [0.08204518 0.01981768 0.56956005 0.03567182 0.17518827 0.00118906
  0.02695204 0.03210464 0.02100674 0.03646453]
 [0.0817953  0.00125839 0.45805369 0.02558725 0.00209732 0.11619128
  0.02013423 0.00587248 0.05411074 0.23489933]
 [0.09711684 0.00151745 0.41476985 0.03136065 0.00505817 0.05614568
  0.05058169 0.00758725 0.11836115 0.21750126]
 [0.09707776 0.12976721 0.28380386 0.03665181 0.00396236 0.00247647
  0.01287766 0.33779099 0.01238237 0.08320951]
 [0.0873494  0.00301205 0.40180723 0.01746988 0.00180723 0.04156627
  0.04759036 0.00481928 0.15       0.24457831]
 [0.0984326  0.00438871 0.44200627 0.02445141 0.00188088 0.04827586
  0.04012539 0.00752351 0.09216301 0.24075235]]
[2024-09-28 01:37:51,821 INFO] 15000 iteration, USE_EMA: True, {'train/sup_loss': tensor(0.0005, device='cuda:0'), 'train/unsup_loss': tensor(0.2500, device='cuda:0'), 'train/total_loss': tensor(0.2505, device='cuda:0'), 'train/mask_ratio': tensor(0.5670, device='cuda:0'), 'lr': 0.029994200724750647, 'train/prefecth_time': 0.0021196160316467286, 'train/run_time': 0.19463107299804688, 'eval/loss': tensor(5.0697, device='cuda:0'), 'eval/top-1-acc': 0.21431315304240933, 'eval/top-5-acc': 0.6751306084818685, 'eval/precision': 0.28480167241099463, 'eval/recall': 0.1957892368458779, 'eval/F1': 0.18308254882914587, 'eval/AUC': 0.6201065299276938}, BEST_EVAL_ACC: 0.21431315304240933, at 15000 iters
[2024-09-28 01:37:52,034 INFO] model saved: ./exp/unimatch_v2_svhn_40labels_seed1/model_best.pth
[2024-09-28 02:04:03,577 INFO] model saved: ./exp/unimatch_v2_svhn_40labels_seed1/latest_model.pth
[2024-09-28 02:04:17,001 INFO] confusion matrix:
[[0.76662844 0.00401376 0.02293578 0.00229358 0.00401376 0.0103211
  0.04071101 0.00114679 0.0309633  0.11697248]
 [0.02451461 0.46205138 0.0405962  0.00451069 0.01961169 0.00784468
  0.0186311  0.29868602 0.00784468 0.11570896]
 [0.00337431 0.00506146 0.63943119 0.00120511 0.00313329 0.01349723
  0.01590745 0.0098819  0.01229212 0.29621596]
 [0.00242887 0.00589868 0.16967384 0.00277585 0.00485774 0.32095767
  0.04753643 0.01214434 0.13115892 0.30256766]
 [0.00475624 0.04201348 0.52516845 0.00277447 0.35592549 0.00237812
  0.01981768 0.01743956 0.00396354 0.02576298]
 [0.00083893 0.00083893 0.02642617 0.00083893 0.00167785 0.65562081
  0.03775168 0.00377517 0.00587248 0.26635906]
 [0.01770359 0.00455235 0.02883156 0.0030349  0.00354072 0.15933232
  0.10520991 0.0030349  0.42336874 0.251391  ]
 [0.00693413 0.09262011 0.01040119 0.00247647 0.00297177 0.01535414
  0.01485884 0.71074789 0.00198118 0.14165428]
 [0.00481928 0.00301205 0.03433735 0.00120482 0.00421687 0.03012048
  0.08674699 0.00120482 0.59518072 0.23915663]
 [0.02884013 0.00564263 0.13730408 0.         0.00188088 0.01128527
  0.06645768 0.00438871 0.46583072 0.27836991]]
[2024-09-28 02:04:17,015 INFO] 20000 iteration, USE_EMA: True, {'train/sup_loss': tensor(0.0019, device='cuda:0'), 'train/unsup_loss': tensor(0.2047, device='cuda:0'), 'train/total_loss': tensor(0.2065, device='cuda:0'), 'train/mask_ratio': tensor(0.7344, device='cuda:0'), 'lr': 0.02998969077929826, 'train/prefecth_time': 0.0022535040378570555, 'train/run_time': 0.19575123596191407, 'eval/loss': tensor(3.1903, device='cuda:0'), 'eval/top-1-acc': 0.4567455439459127, 'eval/top-5-acc': 0.8661647203441918, 'eval/precision': 0.47861569719242664, 'eval/recall': 0.45719415900917937, 'eval/F1': 0.4303090249290807, 'eval/AUC': 0.8048179731384896}, BEST_EVAL_ACC: 0.4567455439459127, at 20000 iters
[2024-09-28 02:04:17,294 INFO] model saved: ./exp/unimatch_v2_svhn_40labels_seed1/model_best.pth
[2024-09-28 02:30:25,927 INFO] model saved: ./exp/unimatch_v2_svhn_40labels_seed1/latest_model.pth
[2024-09-28 02:30:40,741 INFO] confusion matrix:
[[9.05963303e-01 2.86697248e-03 4.01376147e-03 0.00000000e+00
  5.73394495e-04 5.73394495e-03 2.46559633e-02 0.00000000e+00
  3.15366972e-02 2.46559633e-02]
 [2.15728574e-02 8.95861934e-01 1.82388704e-02 0.00000000e+00
  4.11845460e-03 4.70680526e-03 1.33359482e-02 1.33359482e-02
  5.29515591e-03 2.35340263e-02]
 [1.68715353e-03 6.98963606e-03 7.04266088e-01 0.00000000e+00
  7.23065799e-04 1.03639431e-02 1.66305134e-02 1.92817546e-03
  6.26657026e-03 2.51144854e-01]
 [3.12283137e-03 8.32755031e-03 2.01249133e-02 1.73490632e-03
  3.12283137e-03 6.05829285e-01 5.30881332e-02 2.42886884e-03
  3.53920888e-02 2.66828591e-01]
 [3.17082838e-03 1.14942529e-02 7.19778042e-01 0.00000000e+00
  2.38604836e-01 1.58541419e-03 8.32342449e-03 1.18906064e-03
  3.96353547e-03 1.18906064e-02]
 [8.38926174e-04 3.35570470e-03 6.29194631e-03 0.00000000e+00
  4.19463087e-04 6.69882550e-01 4.69798658e-02 1.25838926e-03
  9.22818792e-03 2.61744966e-01]
 [9.61052099e-03 4.55235205e-03 5.56398584e-03 0.00000000e+00
  5.05816894e-04 1.87152251e-02 9.76226606e-02 5.05816894e-04
  6.43904906e-01 2.19018715e-01]
 [2.97176820e-03 3.36800396e-02 7.42942051e-03 0.00000000e+00
  9.90589401e-04 8.91530461e-03 1.13917781e-02 7.01832590e-01
  2.47647350e-03 2.30312036e-01]
 [6.02409639e-03 4.21686747e-03 6.62650602e-03 0.00000000e+00
  3.01204819e-03 6.02409639e-03 7.28915663e-02 6.02409639e-04
  6.80722892e-01 2.19879518e-01]
 [1.19122257e-02 6.26959248e-03 1.81818182e-02 0.00000000e+00
  0.00000000e+00 6.26959248e-03 7.33542320e-02 1.88087774e-03
  6.45768025e-01 2.36363636e-01]]
[2024-09-28 02:30:40,754 INFO] 25000 iteration, USE_EMA: True, {'train/sup_loss': tensor(0.0002, device='cuda:0'), 'train/unsup_loss': tensor(0.1550, device='cuda:0'), 'train/total_loss': tensor(0.1552, device='cuda:0'), 'train/mask_ratio': tensor(0.7813, device='cuda:0'), 'lr': 0.0299838926837342, 'train/prefecth_time': 0.002170912027359009, 'train/run_time': 0.19535055541992188, 'eval/loss': tensor(3.5038, device='cuda:0'), 'eval/top-1-acc': 0.552819606637984, 'eval/top-5-acc': 0.8894437615242778, 'eval/precision': 0.6372743700412772, 'eval/recall': 0.5132855395760769, 'eval/F1': 0.48809091435733587, 'eval/AUC': 0.8473377474786787}, BEST_EVAL_ACC: 0.552819606637984, at 25000 iters
[2024-09-28 02:30:40,965 INFO] model saved: ./exp/unimatch_v2_svhn_40labels_seed1/model_best.pth
[2024-09-28 02:56:36,164 INFO] model saved: ./exp/unimatch_v2_svhn_40labels_seed1/latest_model.pth
[2024-09-28 02:56:50,317 INFO] confusion matrix:
[[9.23165138e-01 7.45412844e-03 4.58715596e-03 0.00000000e+00
  2.29357798e-03 5.73394495e-03 1.66284404e-02 5.73394495e-04
  2.23623853e-02 1.72018349e-02]
 [1.47087664e-02 9.53324181e-01 4.11845460e-03 1.96116886e-04
  9.02137674e-03 3.53010394e-03 5.49127280e-03 2.54951951e-03
  1.96116886e-03 5.09903903e-03]
 [1.68715353e-03 1.51843818e-02 9.07688600e-01 2.41021933e-04
  5.54350446e-03 1.18100747e-02 9.64087732e-03 3.13328513e-03
  5.06146059e-03 4.00096409e-02]
 [3.46981263e-03 2.08188758e-02 9.71547536e-03 5.55170021e-03
  1.07564192e-02 6.05829285e-01 3.78209577e-02 1.04094379e-03
  2.63705760e-02 2.78625954e-01]
 [3.96353547e-03 3.92390012e-02 7.13436385e-03 0.00000000e+00
  9.31827190e-01 2.77447483e-03 3.56718193e-03 1.18906064e-03
  5.15259612e-03 5.15259612e-03]
 [1.25838926e-03 5.45302013e-03 6.29194631e-03 8.38926174e-04
  4.19463087e-03 6.63171141e-01 4.15268456e-02 1.25838926e-03
  1.09060403e-02 2.65100671e-01]
 [1.21396055e-02 8.09307031e-03 2.02326758e-03 0.00000000e+00
  3.54071826e-03 1.87152251e-02 1.36064745e-01 1.01163379e-03
  6.15073343e-01 2.03338392e-01]
 [4.45765230e-03 8.17236256e-02 4.45765230e-03 9.90589401e-04
  1.98117880e-03 7.92471521e-03 5.94353640e-03 8.68746904e-01
  2.47647350e-03 2.12976721e-02]
 [9.63855422e-03 6.62650602e-03 3.01204819e-03 0.00000000e+00
  6.62650602e-03 7.22891566e-03 9.33734940e-02 6.02409639e-04
  6.30722892e-01 2.42168675e-01]
 [2.57053292e-02 1.06583072e-02 2.57053292e-02 0.00000000e+00
  1.88087774e-03 8.77742947e-03 6.89655172e-02 1.88087774e-03
  6.11285266e-01 2.45141066e-01]]
[2024-09-28 02:56:50,328 INFO] 30000 iteration, USE_EMA: True, {'train/sup_loss': tensor(0.0002, device='cuda:0'), 'train/unsup_loss': tensor(0.1451, device='cuda:0'), 'train/total_loss': tensor(0.1453, device='cuda:0'), 'train/mask_ratio': tensor(0.8549, device='cuda:0'), 'lr': 0.029976806687104632, 'train/prefecth_time': 0.0022791359424591063, 'train/run_time': 0.19635749816894532, 'eval/loss': tensor(2.3017, device='cuda:0'), 'eval/top-1-acc': 0.6778580208973571, 'eval/top-5-acc': 0.9479102642901045, 'eval/precision': 0.6621719451397778, 'eval/recall': 0.6265403555857962, 'eval/F1': 0.5956276445282567, 'eval/AUC': 0.8950095013087227}, BEST_EVAL_ACC: 0.6778580208973571, at 30000 iters
[2024-09-28 02:56:50,596 INFO] model saved: ./exp/unimatch_v2_svhn_40labels_seed1/model_best.pth
[2024-09-28 03:22:37,208 INFO] model saved: ./exp/unimatch_v2_svhn_40labels_seed1/latest_model.pth
[2024-09-28 03:22:51,097 INFO] confusion matrix:
[[9.21444954e-01 5.16055046e-03 5.73394495e-03 5.73394495e-04
  1.14678899e-03 3.44036697e-03 1.66284404e-02 1.14678899e-03
  2.80963303e-02 1.66284404e-02]
 [1.21592469e-02 9.53520298e-01 3.72622083e-03 1.96116886e-03
  1.09825456e-02 1.56893509e-03 2.54951951e-03 6.66797411e-03
  3.92233771e-03 2.94175328e-03]
 [1.44613160e-03 8.43576765e-03 9.53723789e-01 5.06146059e-03
  5.54350446e-03 3.13328513e-03 2.65124126e-03 5.54350446e-03
  4.33839479e-03 1.01229212e-02]
 [2.42886884e-03 7.98056905e-03 8.32755031e-03 6.45732130e-01
  7.63358779e-03 1.14503817e-02 1.00624566e-02 1.04094379e-03
  1.76960444e-02 2.87647467e-01]
 [2.37812128e-03 9.51248514e-03 1.98176774e-03 1.58541419e-03
  9.75029727e-01 0.00000000e+00 7.92707095e-04 1.18906064e-03
  2.37812128e-03 5.15259612e-03]
 [1.25838926e-03 3.77516779e-03 8.80872483e-03 1.13255034e-02
  3.77516779e-03 6.53523490e-01 1.42617450e-02 1.25838926e-03
  1.04865772e-02 2.91526846e-01]
 [8.59888720e-03 4.04653515e-03 2.02326758e-03 4.55235205e-03
  2.52908447e-03 6.57561963e-03 9.35761254e-02 1.01163379e-03
  6.15073343e-01 2.62013151e-01]
 [1.48588410e-03 2.92223873e-02 4.45765230e-03 3.46706290e-03
  2.47647350e-03 2.97176820e-03 1.98117880e-03 9.45517583e-01
  1.98117880e-03 6.43883110e-03]
 [5.42168675e-03 3.61445783e-03 2.40963855e-03 3.61445783e-03
  6.02409639e-03 2.40963855e-03 6.32530120e-02 0.00000000e+00
  6.34939759e-01 2.78313253e-01]
 [1.00313480e-02 5.01567398e-03 1.81818182e-02 4.38871473e-03
  3.13479624e-03 1.25391850e-03 4.63949843e-02 2.50783699e-03
  6.40752351e-01 2.68338558e-01]]
[2024-09-28 03:22:51,109 INFO] 35000 iteration, USE_EMA: True, {'train/sup_loss': tensor(0.0003, device='cuda:0'), 'train/unsup_loss': tensor(0.1185, device='cuda:0'), 'train/total_loss': tensor(0.1188, device='cuda:0'), 'train/mask_ratio': tensor(0.8616, device='cuda:0'), 'lr': 0.029968433093775056, 'train/prefecth_time': 0.0022140159606933592, 'train/run_time': 0.1934596405029297, 'eval/loss': tensor(1.6141, device='cuda:0'), 'eval/top-1-acc': 0.7637138905961893, 'eval/top-5-acc': 0.9739935464044254, 'eval/precision': 0.7495713254392787, 'eval/recall': 0.7045346413439113, 'eval/F1': 0.7048439443198438, 'eval/AUC': 0.927827748880637}, BEST_EVAL_ACC: 0.7637138905961893, at 35000 iters
[2024-09-28 03:22:51,295 INFO] model saved: ./exp/unimatch_v2_svhn_40labels_seed1/model_best.pth
[2024-09-28 03:48:33,852 INFO] model saved: ./exp/unimatch_v2_svhn_40labels_seed1/latest_model.pth
[2024-09-28 03:48:47,926 INFO] confusion matrix:
[[9.34059633e-01 5.16055046e-03 4.58715596e-03 1.14678899e-03
  1.72018349e-03 3.44036697e-03 1.20412844e-02 1.14678899e-03
  2.58027523e-02 1.08944954e-02]
 [8.23690920e-03 9.65875662e-01 3.33398706e-03 1.56893509e-03
  9.21749363e-03 9.80584428e-04 3.92233771e-04 4.70680526e-03
  3.72622083e-03 1.96116886e-03]
 [1.20510966e-03 7.71270186e-03 9.62641600e-01 5.06146059e-03
  5.30248253e-03 4.33839479e-03 0.00000000e+00 3.37430706e-03
  4.82043866e-03 5.54350446e-03]
 [1.73490632e-03 8.67453158e-03 6.59264400e-03 6.92921582e-01
  7.98056905e-03 9.36849410e-03 3.12283137e-03 1.38792505e-03
  1.56141568e-02 2.52602359e-01]
 [1.58541419e-03 7.13436385e-03 1.98176774e-03 3.96353547e-04
  9.80182323e-01 3.96353547e-04 3.96353547e-04 1.18906064e-03
  2.37812128e-03 4.35988902e-03]
 [8.38926174e-04 4.19463087e-03 6.71140940e-03 1.09060403e-02
  5.03355705e-03 6.98406040e-01 5.87248322e-03 1.25838926e-03
  1.21644295e-02 2.54614094e-01]
 [9.10470410e-03 3.54071826e-03 2.02326758e-03 6.06980273e-03
  4.55235205e-03 9.61052099e-03 8.80121396e-02 1.51745068e-03
  6.53515427e-01 2.22053617e-01]
 [1.48588410e-03 2.87270926e-02 3.96235760e-03 2.97176820e-03
  1.48588410e-03 2.47647350e-03 0.00000000e+00 9.54432888e-01
  2.47647350e-03 1.98117880e-03]
 [6.02409639e-03 3.61445783e-03 2.40963855e-03 4.81927711e-03
  6.62650602e-03 3.01204819e-03 3.79518072e-02 0.00000000e+00
  7.04819277e-01 2.30722892e-01]
 [1.00313480e-02 5.01567398e-03 1.81818182e-02 5.01567398e-03
  4.38871473e-03 1.25391850e-03 1.37931034e-02 1.25391850e-03
  6.95924765e-01 2.45141066e-01]]
[2024-09-28 03:48:47,938 INFO] 40000 iteration, USE_EMA: True, {'train/sup_loss': tensor(0.0004, device='cuda:0'), 'train/unsup_loss': tensor(0.1326, device='cuda:0'), 'train/total_loss': tensor(0.1330, device='cuda:0'), 'train/mask_ratio': tensor(0.8795, device='cuda:0'), 'lr': 0.029958772263417244, 'train/prefecth_time': 0.0021930880546569822, 'train/run_time': 0.19538371276855468, 'eval/loss': tensor(1.4821, device='cuda:0'), 'eval/top-1-acc': 0.7815381069452981, 'eval/top-5-acc': 0.9772587584511371, 'eval/precision': 0.7735128374860875, 'eval/recall': 0.7226492210555171, 'eval/F1': 0.7177257861071576, 'eval/AUC': 0.9378797276167488}, BEST_EVAL_ACC: 0.7815381069452981, at 40000 iters
[2024-09-28 03:48:48,175 INFO] model saved: ./exp/unimatch_v2_svhn_40labels_seed1/model_best.pth
[2024-09-28 04:14:19,726 INFO] model saved: ./exp/unimatch_v2_svhn_40labels_seed1/latest_model.pth
[2024-09-28 04:14:40,052 INFO] confusion matrix:
[[9.39220183e-01 5.73394495e-03 4.01376147e-03 5.73394495e-04
  1.14678899e-03 2.29357798e-03 7.45412844e-03 1.72018349e-03
  2.52293578e-02 1.26146789e-02]
 [7.64855854e-03 9.65091194e-01 3.33398706e-03 1.76505197e-03
  8.82525985e-03 1.56893509e-03 1.96116886e-04 5.09903903e-03
  4.11845460e-03 2.35340263e-03]
 [9.64087732e-04 6.02554832e-03 9.63846710e-01 5.30248253e-03
  5.54350446e-03 3.61532899e-03 0.00000000e+00 3.85635093e-03
  3.37430706e-03 7.47167992e-03]
 [1.73490632e-03 6.59264400e-03 5.89868147e-03 6.40527412e-01
  7.63358779e-03 7.98056905e-03 1.04094379e-03 6.93962526e-04
  1.17973629e-02 3.16099931e-01]
 [1.98176774e-03 6.73801031e-03 1.98176774e-03 7.92707095e-04
  9.80578676e-01 3.96353547e-04 0.00000000e+00 1.18906064e-03
  1.58541419e-03 4.75624257e-03]
 [8.38926174e-04 4.19463087e-03 6.29194631e-03 8.38926174e-03
  5.45302013e-03 6.41778523e-01 1.25838926e-03 1.25838926e-03
  1.13255034e-02 3.19211409e-01]
 [7.58725341e-03 3.54071826e-03 1.51745068e-03 4.04653515e-03
  2.52908447e-03 9.61052099e-03 9.66110268e-02 1.01163379e-03
  5.80171978e-01 2.93373799e-01]
 [9.90589401e-04 2.57553244e-02 4.95294700e-03 1.98117880e-03
  1.98117880e-03 2.47647350e-03 0.00000000e+00 9.55423477e-01
  1.48588410e-03 4.95294700e-03]
 [4.81927711e-03 3.61445783e-03 1.80722892e-03 3.61445783e-03
  6.62650602e-03 1.80722892e-03 2.40963855e-02 0.00000000e+00
  6.56024096e-01 2.97590361e-01]
 [1.00313480e-02 7.52351097e-03 1.75548589e-02 3.13479624e-03
  4.38871473e-03 1.88087774e-03 3.76175549e-03 6.26959248e-04
  6.58307210e-01 2.92789969e-01]]
[2024-09-28 04:14:40,063 INFO] 45000 iteration, USE_EMA: True, {'train/sup_loss': tensor(0.0002, device='cuda:0'), 'train/unsup_loss': tensor(0.1595, device='cuda:0'), 'train/total_loss': tensor(0.1597, device='cuda:0'), 'train/mask_ratio': tensor(0.8638, device='cuda:0'), 'lr': 0.029947824610993785, 'train/prefecth_time': 0.0023683838844299316, 'train/run_time': 0.19564405822753905, 'eval/loss': tensor(1.5536, device='cuda:0'), 'eval/top-1-acc': 0.7715119852489244, 'eval/top-5-acc': 0.9816379840196681, 'eval/precision': 0.7920679614641328, 'eval/recall': 0.7131891267892222, 'eval/F1': 0.7130027541836437, 'eval/AUC': 0.9394574299281607}, BEST_EVAL_ACC: 0.7815381069452981, at 40000 iters
[2024-09-28 04:40:28,337 INFO] model saved: ./exp/unimatch_v2_svhn_40labels_seed1/latest_model.pth
[2024-09-28 04:40:42,930 INFO] confusion matrix:
[[9.56422018e-01 4.58715596e-03 4.58715596e-03 1.72018349e-03
  0.00000000e+00 2.86697248e-03 7.45412844e-03 1.14678899e-03
  1.83486239e-02 2.86697248e-03]
 [7.64855854e-03 9.63718376e-01 3.33398706e-03 2.54951951e-03
  8.82525985e-03 1.76505197e-03 1.17670131e-03 6.47185723e-03
  3.33398706e-03 1.17670131e-03]
 [1.20510966e-03 5.06146059e-03 9.64569776e-01 9.39985539e-03
  4.33839479e-03 4.82043866e-03 7.23065799e-04 3.13328513e-03
  4.09737286e-03 2.65124126e-03]
 [2.42886884e-03 5.89868147e-03 5.55170021e-03 8.58084663e-01
  5.89868147e-03 1.00624566e-02 1.38792505e-03 3.46981263e-04
  1.35322693e-02 9.68077724e-02]
 [1.58541419e-03 5.94530321e-03 1.58541419e-03 1.98176774e-03
  9.82956797e-01 7.92707095e-04 0.00000000e+00 1.18906064e-03
  2.37812128e-03 1.58541419e-03]
 [1.25838926e-03 3.77516779e-03 5.45302013e-03 1.38422819e-02
  5.03355705e-03 8.42701342e-01 2.09731544e-03 1.25838926e-03
  6.71140940e-03 1.17869128e-01]
 [8.59888720e-03 3.54071826e-03 2.02326758e-03 7.08143652e-03
  4.04653515e-03 1.41628730e-02 4.96206373e-01 1.01163379e-03
  3.53566009e-01 1.09762266e-01]
 [1.48588410e-03 2.27835562e-02 4.45765230e-03 2.97176820e-03
  1.98117880e-03 2.47647350e-03 4.95294700e-04 9.58890540e-01
  2.97176820e-03 1.48588410e-03]
 [7.83132530e-03 4.21686747e-03 1.20481928e-03 5.42168675e-03
  6.02409639e-03 7.83132530e-03 5.90361446e-02 0.00000000e+00
  8.05421687e-01 1.03012048e-01]
 [9.40438871e-03 5.01567398e-03 2.25705329e-02 5.01567398e-03
  2.50783699e-03 3.13479624e-03 3.13479624e-03 6.26959248e-04
  8.39498433e-01 1.09090909e-01]]
[2024-09-28 04:40:42,941 INFO] 50000 iteration, USE_EMA: True, {'train/sup_loss': tensor(0.0004, device='cuda:0'), 'train/unsup_loss': tensor(0.0877, device='cuda:0'), 'train/total_loss': tensor(0.0882, device='cuda:0'), 'train/mask_ratio': tensor(0.9330, device='cuda:0'), 'lr': 0.029935590606740264, 'train/prefecth_time': 0.00223523211479187, 'train/run_time': 0.19399516296386718, 'eval/loss': tensor(1.0010, device='cuda:0'), 'eval/top-1-acc': 0.8441149354640443, 'eval/top-5-acc': 0.9852105101413645, 'eval/precision': 0.8118714457235612, 'eval/recall': 0.7938062482525793, 'eval/F1': 0.7890197736219956, 'eval/AUC': 0.9514467950259787}, BEST_EVAL_ACC: 0.8441149354640443, at 50000 iters
[2024-09-28 04:40:43,126 INFO] model saved: ./exp/unimatch_v2_svhn_40labels_seed1/model_best.pth
[2024-09-28 05:06:20,036 INFO] model saved: ./exp/unimatch_v2_svhn_40labels_seed1/latest_model.pth
[2024-09-28 05:06:33,628 INFO] confusion matrix:
[[9.56995413e-01 4.58715596e-03 5.73394495e-03 2.29357798e-03
  5.73394495e-04 2.86697248e-03 9.17431193e-03 1.14678899e-03
  1.43348624e-02 2.29357798e-03]
 [8.43302608e-03 9.65091194e-01 4.70680526e-03 1.76505197e-03
  7.84467543e-03 1.76505197e-03 1.96116886e-03 5.09903903e-03
  2.54951951e-03 7.84467543e-04]
 [9.64087732e-04 5.54350446e-03 9.68185105e-01 7.71270186e-03
  3.13328513e-03 5.06146059e-03 9.64087732e-04 2.41021933e-03
  3.85635093e-03 2.16919740e-03]
 [1.73490632e-03 7.28660652e-03 7.63358779e-03 8.67106176e-01
  4.51075642e-03 7.63358779e-03 3.81679389e-03 6.93962526e-04
  1.56141568e-02 8.39694656e-02]
 [2.77447483e-03 7.53071740e-03 2.37812128e-03 2.37812128e-03
  9.79785969e-01 3.96353547e-04 7.92707095e-04 7.92707095e-04
  1.98176774e-03 1.18906064e-03]
 [1.25838926e-03 3.77516779e-03 7.13087248e-03 1.34228188e-02
  4.61409396e-03 8.50671141e-01 6.71140940e-03 1.25838926e-03
  3.77516779e-03 1.07382550e-01]
 [5.05816894e-03 3.03490137e-03 2.52908447e-03 8.09307031e-03
  4.04653515e-03 8.09307031e-03 8.83662114e-01 1.01163379e-03
  6.06980273e-03 7.84016186e-02]
 [1.48588410e-03 2.12976721e-02 5.44824170e-03 2.47647350e-03
  1.98117880e-03 1.98117880e-03 4.95294700e-04 9.61862308e-01
  1.98117880e-03 9.90589401e-04]
 [8.43373494e-03 3.61445783e-03 1.20481928e-03 4.21686747e-03
  4.21686747e-03 6.62650602e-03 1.62650602e-02 0.00000000e+00
  8.66867470e-01 8.85542169e-02]
 [1.00313480e-02 5.01567398e-03 2.06896552e-02 3.76175549e-03
  2.50783699e-03 1.25391850e-03 6.26959248e-04 1.25391850e-03
  8.52664577e-01 1.02194357e-01]]
[2024-09-28 05:06:33,639 INFO] 55000 iteration, USE_EMA: True, {'train/sup_loss': tensor(0.0003, device='cuda:0'), 'train/unsup_loss': tensor(0.0813, device='cuda:0'), 'train/total_loss': tensor(0.0816, device='cuda:0'), 'train/mask_ratio': tensor(0.9129, device='cuda:0'), 'lr': 0.02992207077614505, 'train/prefecth_time': 0.002147455930709839, 'train/run_time': 0.19578501892089845, 'eval/loss': tensor(0.8521, device='cuda:0'), 'eval/top-1-acc': 0.8795712968653965, 'eval/top-5-acc': 0.9852105101413645, 'eval/precision': 0.8338678701159304, 'eval/recall': 0.8402421247965124, 'eval/F1': 0.8304434231791372, 'eval/AUC': 0.9584242380436067}, BEST_EVAL_ACC: 0.8795712968653965, at 55000 iters
[2024-09-28 05:06:33,963 INFO] model saved: ./exp/unimatch_v2_svhn_40labels_seed1/model_best.pth
[2024-09-28 05:32:04,468 INFO] model saved: ./exp/unimatch_v2_svhn_40labels_seed1/latest_model.pth
[2024-09-28 05:32:18,414 INFO] confusion matrix:
[[9.65022936e-01 2.29357798e-03 4.58715596e-03 1.72018349e-03
  0.00000000e+00 4.01376147e-03 8.02752294e-03 1.72018349e-03
  9.17431193e-03 3.44036697e-03]
 [7.64855854e-03 9.66267896e-01 3.72622083e-03 1.76505197e-03
  7.84467543e-03 1.56893509e-03 2.35340263e-03 5.49127280e-03
  2.35340263e-03 9.80584428e-04]
 [1.20510966e-03 4.33839479e-03 9.71077368e-01 6.50759219e-03
  3.61532899e-03 3.61532899e-03 9.64087732e-04 2.41021933e-03
  3.37430706e-03 2.89226320e-03]
 [1.73490632e-03 5.89868147e-03 5.20471895e-03 8.81679389e-01
  3.12283137e-03 6.59264400e-03 3.12283137e-03 1.04094379e-03
  1.17973629e-02 7.98056905e-02]
 [2.37812128e-03 6.34165676e-03 2.37812128e-03 1.58541419e-03
  9.81371383e-01 7.92707095e-04 7.92707095e-04 7.92707095e-04
  1.58541419e-03 1.98176774e-03]
 [8.38926174e-04 2.93624161e-03 4.61409396e-03 1.34228188e-02
  4.19463087e-03 8.54026846e-01 6.71140940e-03 1.25838926e-03
  4.19463087e-03 1.07802013e-01]
 [6.57561963e-03 3.54071826e-03 5.05816894e-04 7.58725341e-03
  3.54071826e-03 8.09307031e-03 8.84673748e-01 1.01163379e-03
  6.57561963e-03 7.78958017e-02]
 [1.48588410e-03 2.22882615e-02 4.95294700e-03 9.90589401e-04
  2.47647350e-03 2.47647350e-03 4.95294700e-04 9.61862308e-01
  1.98117880e-03 9.90589401e-04]
 [5.42168675e-03 3.01204819e-03 0.00000000e+00 3.01204819e-03
  4.21686747e-03 1.80722892e-03 1.44578313e-02 0.00000000e+00
  8.78915663e-01 8.91566265e-02]
 [1.12852665e-02 6.26959248e-03 1.63009404e-02 4.38871473e-03
  6.26959248e-04 1.88087774e-03 6.26959248e-04 6.26959248e-04
  8.57680251e-01 1.00313480e-01]]
[2024-09-28 05:32:18,426 INFO] 60000 iteration, USE_EMA: True, {'train/sup_loss': tensor(8.0049e-05, device='cuda:0'), 'train/unsup_loss': tensor(0.1026, device='cuda:0'), 'train/total_loss': tensor(0.1027, device='cuda:0'), 'train/mask_ratio': tensor(0.9353, device='cuda:0'), 'lr': 0.029907265699926754, 'train/prefecth_time': 0.0022256639003753664, 'train/run_time': 0.19657522583007814, 'eval/loss': tensor(0.8664, device='cuda:0'), 'eval/top-1-acc': 0.8836047940995697, 'eval/top-5-acc': 0.9847495390288875, 'eval/precision': 0.8371657067450313, 'eval/recall': 0.8445211016161484, 'eval/F1': 0.834140022466405, 'eval/AUC': 0.9579158092741031}, BEST_EVAL_ACC: 0.8836047940995697, at 60000 iters
[2024-09-28 05:32:18,724 INFO] model saved: ./exp/unimatch_v2_svhn_40labels_seed1/model_best.pth
[2024-09-28 05:58:03,931 INFO] model saved: ./exp/unimatch_v2_svhn_40labels_seed1/latest_model.pth
[2024-09-28 05:58:23,872 INFO] confusion matrix:
[[9.64449541e-01 4.01376147e-03 4.58715596e-03 2.29357798e-03
  0.00000000e+00 2.86697248e-03 7.45412844e-03 1.14678899e-03
  1.14678899e-02 1.72018349e-03]
 [6.07962346e-03 9.68032948e-01 3.53010394e-03 1.96116886e-03
  8.82525985e-03 1.96116886e-03 2.35340263e-03 4.90292214e-03
  1.96116886e-03 3.92233771e-04]
 [7.23065799e-04 4.82043866e-03 9.68667149e-01 8.67678959e-03
  3.13328513e-03 4.57941673e-03 9.64087732e-04 2.41021933e-03
  3.37430706e-03 2.65124126e-03]
 [1.04094379e-03 6.93962526e-03 4.51075642e-03 8.90006940e-01
  4.85773768e-03 6.24566273e-03 1.73490632e-03 1.04094379e-03
  9.02151284e-03 7.46009715e-02]
 [2.37812128e-03 7.13436385e-03 1.58541419e-03 2.77447483e-03
  9.80182323e-01 3.96353547e-04 1.18906064e-03 1.18906064e-03
  1.98176774e-03 1.18906064e-03]
 [1.25838926e-03 2.51677852e-03 5.03355705e-03 1.51006711e-02
  3.77516779e-03 8.46057047e-01 6.29194631e-03 1.25838926e-03
  4.61409396e-03 1.14093960e-01]
 [5.05816894e-03 3.03490137e-03 5.05816894e-04 7.08143652e-03
  3.54071826e-03 7.08143652e-03 9.63581184e-01 1.01163379e-03
  6.06980273e-03 3.03490137e-03]
 [1.48588410e-03 1.88211986e-02 3.96235760e-03 2.47647350e-03
  2.97176820e-03 1.98117880e-03 4.95294700e-04 9.64338782e-01
  1.98117880e-03 1.48588410e-03]
 [5.42168675e-03 3.01204819e-03 6.02409639e-04 3.61445783e-03
  4.21686747e-03 4.21686747e-03 1.20481928e-02 0.00000000e+00
  9.62650602e-01 4.21686747e-03]
 [8.77742947e-03 4.38871473e-03 2.19435737e-02 3.76175549e-03
  1.25391850e-03 1.88087774e-03 6.26959248e-04 1.25391850e-03
  8.35736677e-01 1.20376176e-01]]
[2024-09-28 05:58:23,884 INFO] 65000 iteration, USE_EMA: True, {'train/sup_loss': tensor(6.5070e-05, device='cuda:0'), 'train/unsup_loss': tensor(0.1230, device='cuda:0'), 'train/total_loss': tensor(0.1231, device='cuda:0'), 'train/mask_ratio': tensor(0.9509, device='cuda:0'), 'lr': 0.029891176014009247, 'train/prefecth_time': 0.0021497280597686766, 'train/run_time': 0.19700607299804687, 'eval/loss': tensor(0.7418, device='cuda:0'), 'eval/top-1-acc': 0.8963583282114321, 'eval/top-5-acc': 0.9876306084818685, 'eval/precision': 0.8512795061191809, 'eval/recall': 0.8628342690013439, 'eval/F1': 0.8473509574949978, 'eval/AUC': 0.9711340517103868}, BEST_EVAL_ACC: 0.8963583282114321, at 65000 iters
[2024-09-28 05:58:24,059 INFO] model saved: ./exp/unimatch_v2_svhn_40labels_seed1/model_best.pth
[2024-09-28 06:24:05,262 INFO] model saved: ./exp/unimatch_v2_svhn_40labels_seed1/latest_model.pth
[2024-09-28 06:24:19,264 INFO] confusion matrix:
[[9.73050459e-01 4.01376147e-03 3.44036697e-03 1.14678899e-03
  5.73394495e-04 2.86697248e-03 7.45412844e-03 1.14678899e-03
  6.30733945e-03 0.00000000e+00]
 [6.86409100e-03 9.69209649e-01 3.53010394e-03 1.96116886e-03
  7.45244166e-03 1.37281820e-03 2.15728574e-03 4.70680526e-03
  2.15728574e-03 5.88350657e-04]
 [9.64087732e-04 4.82043866e-03 9.74210653e-01 4.57941673e-03
  3.61532899e-03 3.85635093e-03 1.20510966e-03 1.92817546e-03
  2.89226320e-03 1.92817546e-03]
 [2.08188758e-03 7.28660652e-03 4.16377516e-03 8.90006940e-01
  4.16377516e-03 6.93962526e-03 3.46981263e-03 1.04094379e-03
  1.04094379e-02 7.04371964e-02]
 [2.77447483e-03 5.94530321e-03 2.77447483e-03 2.37812128e-03
  9.80578676e-01 3.96353547e-04 7.92707095e-04 1.58541419e-03
  1.58541419e-03 1.18906064e-03]
 [8.38926174e-04 3.77516779e-03 5.03355705e-03 1.04865772e-02
  3.77516779e-03 8.51510067e-01 7.55033557e-03 1.25838926e-03
  4.19463087e-03 1.11577181e-01]
 [6.06980273e-03 3.03490137e-03 0.00000000e+00 8.09307031e-03
  2.52908447e-03 6.57561963e-03 9.66110268e-01 1.51745068e-03
  5.05816894e-03 1.01163379e-03]
 [1.48588410e-03 2.22882615e-02 4.45765230e-03 1.98117880e-03
  1.98117880e-03 1.98117880e-03 4.95294700e-04 9.62357603e-01
  1.98117880e-03 9.90589401e-04]
 [6.02409639e-03 3.01204819e-03 1.20481928e-03 4.21686747e-03
  4.21686747e-03 1.80722892e-03 1.02409639e-02 0.00000000e+00
  9.68674699e-01 6.02409639e-04]
 [9.40438871e-03 3.76175549e-03 1.69278997e-02 3.13479624e-03
  3.13479624e-03 1.88087774e-03 1.25391850e-03 1.25391850e-03
  8.54545455e-01 1.04702194e-01]]
[2024-09-28 06:24:19,276 INFO] 70000 iteration, USE_EMA: True, {'train/sup_loss': tensor(0.0008, device='cuda:0'), 'train/unsup_loss': tensor(0.0960, device='cuda:0'), 'train/total_loss': tensor(0.0968, device='cuda:0'), 'train/mask_ratio': tensor(0.9085, device='cuda:0'), 'lr': 0.02987380240949439, 'train/prefecth_time': 0.002112544059753418, 'train/run_time': 0.1956031036376953, 'eval/loss': tensor(0.7482, device='cuda:0'), 'eval/top-1-acc': 0.8980485556238476, 'eval/top-5-acc': 0.9893976644130301, 'eval/precision': 0.85072873716655, 'eval/recall': 0.8640411207763468, 'eval/F1': 0.8471154207329198, 'eval/AUC': 0.9724710542963046}, BEST_EVAL_ACC: 0.8980485556238476, at 70000 iters
[2024-09-28 06:24:19,481 INFO] model saved: ./exp/unimatch_v2_svhn_40labels_seed1/model_best.pth
[2024-09-28 06:50:16,230 INFO] model saved: ./exp/unimatch_v2_svhn_40labels_seed1/latest_model.pth
[2024-09-28 06:50:30,087 INFO] confusion matrix:
[[9.71903670e-01 3.44036697e-03 5.16055046e-03 1.72018349e-03
  5.73394495e-04 2.29357798e-03 1.08944954e-02 1.14678899e-03
  2.29357798e-03 5.73394495e-04]
 [5.68738968e-03 9.70582467e-01 3.33398706e-03 1.96116886e-03
  8.23690920e-03 1.37281820e-03 1.96116886e-03 4.31457148e-03
  1.37281820e-03 1.17670131e-03]
 [9.64087732e-04 5.06146059e-03 9.72523500e-01 6.98963606e-03
  2.65124126e-03 3.13328513e-03 1.20510966e-03 2.16919740e-03
  1.44613160e-03 3.85635093e-03]
 [1.73490632e-03 7.98056905e-03 4.85773768e-03 8.85843164e-01
  4.16377516e-03 6.24566273e-03 2.42886884e-03 3.46981263e-04
  5.89868147e-03 8.04996530e-02]
 [2.77447483e-03 5.15259612e-03 2.37812128e-03 1.98176774e-03
  9.82164090e-01 7.92707095e-04 7.92707095e-04 7.92707095e-04
  7.92707095e-04 2.37812128e-03]
 [1.25838926e-03 3.77516779e-03 5.87248322e-03 1.17449664e-02
  2.93624161e-03 8.32634228e-01 7.13087248e-03 8.38926174e-04
  2.93624161e-03 1.30872483e-01]
 [6.06980273e-03 2.02326758e-03 1.51745068e-03 7.08143652e-03
  2.52908447e-03 4.55235205e-03 9.70156803e-01 1.01163379e-03
  3.54071826e-03 1.51745068e-03]
 [2.47647350e-03 2.27835562e-02 5.94353640e-03 2.47647350e-03
  2.47647350e-03 1.98117880e-03 4.95294700e-04 9.58395245e-01
  4.95294700e-04 2.47647350e-03]
 [5.42168675e-03 3.01204819e-03 6.02409639e-04 4.21686747e-03
  4.21686747e-03 2.40963855e-03 1.26506024e-02 6.02409639e-04
  9.66265060e-01 6.02409639e-04]
 [8.77742947e-03 5.01567398e-03 2.44514107e-02 4.38871473e-03
  3.13479624e-03 1.88087774e-03 3.76175549e-03 1.25391850e-03
  5.50470219e-01 3.96865204e-01]]
[2024-09-28 06:50:30,098 INFO] 75000 iteration, USE_EMA: True, {'train/sup_loss': tensor(0.0001, device='cuda:0'), 'train/unsup_loss': tensor(0.0923, device='cuda:0'), 'train/total_loss': tensor(0.0924, device='cuda:0'), 'train/mask_ratio': tensor(0.9464, device='cuda:0'), 'lr': 0.029855145632632304, 'train/prefecth_time': 0.0021806719303131103, 'train/run_time': 0.19658729553222656, 'eval/loss': tensor(0.3707, device='cuda:0'), 'eval/top-1-acc': 0.9136831591886908, 'eval/top-5-acc': 0.9942762753534112, 'eval/precision': 0.8876258711942757, 'eval/recall': 0.8907333431950131, 'eval/F1': 0.8841758424989298, 'eval/AUC': 0.991224093978758}, BEST_EVAL_ACC: 0.9136831591886908, at 75000 iters
[2024-09-28 06:50:30,317 INFO] model saved: ./exp/unimatch_v2_svhn_40labels_seed1/model_best.pth
[2024-09-28 07:16:05,761 INFO] model saved: ./exp/unimatch_v2_svhn_40labels_seed1/latest_model.pth
[2024-09-28 07:16:25,579 INFO] confusion matrix:
[[9.74197248e-01 4.01376147e-03 3.44036697e-03 1.14678899e-03
  0.00000000e+00 2.86697248e-03 8.02752294e-03 1.14678899e-03
  1.14678899e-03 4.01376147e-03]
 [6.27574034e-03 9.70386350e-01 2.94175328e-03 1.76505197e-03
  9.02137674e-03 1.76505197e-03 1.56893509e-03 3.72622083e-03
  1.37281820e-03 1.17670131e-03]
 [7.23065799e-04 4.57941673e-03 9.73005544e-01 5.54350446e-03
  3.13328513e-03 3.13328513e-03 1.20510966e-03 2.16919740e-03
  7.23065799e-04 5.78452639e-03]
 [1.73490632e-03 8.67453158e-03 3.46981263e-03 8.90700902e-01
  3.46981263e-03 4.16377516e-03 3.81679389e-03 3.46981263e-04
  4.16377516e-03 7.94587092e-02]
 [2.37812128e-03 6.73801031e-03 2.77447483e-03 1.58541419e-03
  9.80182323e-01 7.92707095e-04 7.92707095e-04 1.18906064e-03
  7.92707095e-04 2.77447483e-03]
 [8.38926174e-04 3.35570470e-03 4.19463087e-03 9.64765101e-03
  2.93624161e-03 8.51090604e-01 6.71140940e-03 1.25838926e-03
  3.35570470e-03 1.16610738e-01]
 [6.06980273e-03 2.52908447e-03 1.01163379e-03 6.57561963e-03
  2.52908447e-03 5.56398584e-03 9.69650986e-01 1.01163379e-03
  3.03490137e-03 2.02326758e-03]
