[2024-09-28 00:07:05,620 WARNING] USE GPU: 0 for training
[2024-09-28 00:07:05,701 INFO] Number of Trainable Params: 1469642
[2024-09-28 00:07:06,300 INFO] model_arch: <models.unimatch_v2.unimatch_v2.UniMatchV2 object at 0x400281763850>
[2024-09-28 00:07:06,300 INFO] Arguments: Namespace(save_dir='./exp', save_name='unimatch_v2_svhn_250labels_seed2', resume=True, load_path='None', overwrite=False, use_tensorboard=True, epoch=1, num_train_iter=1048576, num_eval_iter=5000, num_labels=250, batch_size=64, uratio=7, eval_batch_size=1024, hard_label=True, T=0.5, p_cutoff=0.95, ema_m=0.999, ulb_loss_ratio=1.0, optim='SGD', lr=0.03, momentum=0.9, weight_decay=0.0005, amp=False, clip=0, net='WideResNet', net_from_name=False, depth=28, widen_factor=2, leaky_slope=0.1, dropout=0.0, data_dir='./data', dataset='svhn', train_sampler='RandomSampler', num_classes=10, num_workers=1, world_size=1, rank=0, dist_url='tcp://127.0.0.1:25194', dist_backend='nccl', seed=2, gpu=0, multiprocessing_distributed=True, c='config/unimatch_v2_svhn_250labels_seed2.yaml', use_da=False, alg='unimatch_v2', distributed=True, bn_momentum=0.0010000000000000009)
[2024-09-28 00:47:29,745 INFO] [!] data loader keys: dict_keys(['train_lb', 'train_ulb', 'eval'])
[2024-09-28 00:47:47,271 INFO] confusion matrix:
[[0.00000000e+00 0.00000000e+00 0.00000000e+00 0.00000000e+00
  0.00000000e+00 0.00000000e+00 0.00000000e+00 9.51834862e-02
  8.93922018e-01 1.08944954e-02]
 [0.00000000e+00 1.96116886e-04 0.00000000e+00 0.00000000e+00
  0.00000000e+00 0.00000000e+00 0.00000000e+00 1.99646990e-01
  7.87409296e-01 1.27475976e-02]
 [0.00000000e+00 0.00000000e+00 0.00000000e+00 0.00000000e+00
  0.00000000e+00 0.00000000e+00 0.00000000e+00 2.25596529e-01
  7.59219089e-01 1.51843818e-02]
 [0.00000000e+00 0.00000000e+00 0.00000000e+00 0.00000000e+00
  0.00000000e+00 0.00000000e+00 0.00000000e+00 1.76960444e-01
  8.13324080e-01 9.71547536e-03]
 [0.00000000e+00 0.00000000e+00 0.00000000e+00 0.00000000e+00
  0.00000000e+00 0.00000000e+00 0.00000000e+00 1.96195006e-01
  7.93499802e-01 1.03051922e-02]
 [0.00000000e+00 0.00000000e+00 0.00000000e+00 0.00000000e+00
  0.00000000e+00 0.00000000e+00 0.00000000e+00 1.74916107e-01
  8.08305369e-01 1.67785235e-02]
 [0.00000000e+00 0.00000000e+00 0.00000000e+00 0.00000000e+00
  0.00000000e+00 0.00000000e+00 0.00000000e+00 1.48710167e-01
  8.39150228e-01 1.21396055e-02]
 [0.00000000e+00 0.00000000e+00 0.00000000e+00 0.00000000e+00
  0.00000000e+00 0.00000000e+00 0.00000000e+00 1.86230807e-01
  7.95443289e-01 1.83259039e-02]
 [0.00000000e+00 0.00000000e+00 0.00000000e+00 0.00000000e+00
  0.00000000e+00 0.00000000e+00 0.00000000e+00 1.23493976e-01
  8.66265060e-01 1.02409639e-02]
 [0.00000000e+00 0.00000000e+00 0.00000000e+00 0.00000000e+00
  0.00000000e+00 0.00000000e+00 0.00000000e+00 1.29780564e-01
  8.58307210e-01 1.19122257e-02]]
[2024-09-28 00:51:47,164 INFO] model saved: ./exp/unimatch_v2_svhn_250labels_seed2/latest_model.pth
[2024-09-28 00:52:01,664 INFO] confusion matrix:
[[0.00000000e+00 0.00000000e+00 0.00000000e+00 0.00000000e+00
  0.00000000e+00 0.00000000e+00 0.00000000e+00 8.83027523e-02
  9.01376147e-01 1.03211009e-02]
 [0.00000000e+00 1.96116886e-04 0.00000000e+00 0.00000000e+00
  0.00000000e+00 0.00000000e+00 0.00000000e+00 1.89841145e-01
  7.97999608e-01 1.19631300e-02]
 [0.00000000e+00 0.00000000e+00 0.00000000e+00 0.00000000e+00
  0.00000000e+00 0.00000000e+00 0.00000000e+00 2.16437696e-01
  7.68377922e-01 1.51843818e-02]
 [0.00000000e+00 0.00000000e+00 0.00000000e+00 0.00000000e+00
  0.00000000e+00 0.00000000e+00 0.00000000e+00 1.69326856e-01
  8.21651631e-01 9.02151284e-03]
 [0.00000000e+00 0.00000000e+00 0.00000000e+00 0.00000000e+00
  0.00000000e+00 0.00000000e+00 0.00000000e+00 1.89456996e-01
  8.00237812e-01 1.03051922e-02]
 [0.00000000e+00 0.00000000e+00 0.00000000e+00 0.00000000e+00
  0.00000000e+00 0.00000000e+00 0.00000000e+00 1.69043624e-01
  8.14177852e-01 1.67785235e-02]
 [0.00000000e+00 0.00000000e+00 0.00000000e+00 0.00000000e+00
  0.00000000e+00 0.00000000e+00 0.00000000e+00 1.40111280e-01
  8.48760749e-01 1.11279717e-02]
 [0.00000000e+00 0.00000000e+00 0.00000000e+00 0.00000000e+00
  0.00000000e+00 0.00000000e+00 0.00000000e+00 1.75829619e-01
  8.05844477e-01 1.83259039e-02]
 [0.00000000e+00 0.00000000e+00 0.00000000e+00 0.00000000e+00
  0.00000000e+00 0.00000000e+00 0.00000000e+00 1.16265060e-01
  8.74698795e-01 9.03614458e-03]
 [0.00000000e+00 0.00000000e+00 0.00000000e+00 0.00000000e+00
  0.00000000e+00 0.00000000e+00 0.00000000e+00 1.24137931e-01
  8.63949843e-01 1.19122257e-02]]
[2024-09-28 00:52:01,722 INFO] 0 iteration, USE_EMA: True, {'train/sup_loss': tensor(2.4223, device='cuda:0'), 'train/unsup_loss': tensor(0., device='cuda:0'), 'train/total_loss': tensor(2.4223, device='cuda:0'), 'train/mask_ratio': tensor(0., device='cuda:0'), 'lr': 0.029999999999974228, 'train/prefecth_time': 248.870203125, 'train/run_time': 1.5047427978515624, 'eval/loss': tensor(19.5411, device='cuda:0'), 'eval/top-1-acc': 0.07018285187461586, 'eval/top-5-acc': 0.4611631837738168, 'eval/precision': 0.1206760977965137, 'eval/recall': 0.10626367563947967, 'eval/F1': 0.02570908869823118, 'eval/AUC': 0.5034935915566863}, BEST_EVAL_ACC: 0.07018285187461586, at 0 iters
[2024-09-28 00:52:01,965 INFO] model saved: ./exp/unimatch_v2_svhn_250labels_seed2/model_best.pth
[2024-09-28 01:18:12,528 INFO] model saved: ./exp/unimatch_v2_svhn_250labels_seed2/latest_model.pth
[2024-09-28 01:18:33,564 INFO] confusion matrix:
[[9.33486239e-01 9.17431193e-03 7.45412844e-03 5.73394495e-04
  5.73394495e-04 5.73394495e-03 1.20412844e-02 1.14678899e-03
  6.30733945e-03 2.35091743e-02]
 [1.64738184e-02 9.36850363e-01 9.21749363e-03 2.94175328e-03
  1.15708963e-02 5.09903903e-03 2.74563640e-03 7.25632477e-03
  3.92233771e-03 3.92233771e-03]
 [1.44613160e-03 1.10870089e-02 9.43359846e-01 1.75946011e-02
  5.06146059e-03 8.91781152e-03 1.68715353e-03 4.57941673e-03
  1.44613160e-03 4.82043866e-03]
 [5.20471895e-03 2.49826509e-02 1.66551006e-02 8.90353921e-01
  7.63358779e-03 1.70020819e-02 3.12283137e-03 1.04094379e-03
  2.01249133e-02 1.38792505e-02]
 [3.96353547e-03 2.53666270e-02 5.15259612e-03 5.15259612e-03
  9.46492271e-01 1.98176774e-03 1.18906064e-03 1.58541419e-03
  1.18906064e-03 7.92707095e-03]
 [1.25838926e-03 7.13087248e-03 7.55033557e-03 2.39093960e-02
  5.87248322e-03 9.34144295e-01 9.64765101e-03 1.25838926e-03
  4.19463087e-03 5.03355705e-03]
 [1.36570561e-02 9.10470410e-03 3.54071826e-03 1.21396055e-02
  5.05816894e-03 1.66919575e-02 9.23115832e-01 1.51745068e-03
  8.59888720e-03 6.57561963e-03]
 [2.97176820e-03 4.90341753e-02 8.91530461e-03 1.18870728e-02
  2.47647350e-03 6.43883110e-03 2.97176820e-03 9.10351659e-01
  2.47647350e-03 2.47647350e-03]
 [9.63855422e-03 1.08433735e-02 3.01204819e-03 1.08433735e-02
  5.42168675e-03 7.22891566e-03 3.37349398e-02 0.00000000e+00
  8.95783133e-01 2.34939759e-02]
 [1.00313480e-02 1.12852665e-02 2.75862069e-02 4.38871473e-03
  1.25391850e-03 3.13479624e-03 6.26959248e-04 1.88087774e-03
  7.52351097e-03 9.32288401e-01]]
[2024-09-28 01:18:33,575 INFO] 5000 iteration, USE_EMA: True, {'train/sup_loss': tensor(0.0004, device='cuda:0'), 'train/unsup_loss': tensor(0.1232, device='cuda:0'), 'train/total_loss': tensor(0.1235, device='cuda:0'), 'train/mask_ratio': tensor(0.8996, device='cuda:0'), 'lr': 0.029999355445794247, 'train/prefecth_time': 0.001965664029121399, 'train/run_time': 0.19239820861816406, 'eval/loss': tensor(0.2780, device='cuda:0'), 'eval/top-1-acc': 0.9272049784880148, 'eval/top-5-acc': 0.9919330055316533, 'eval/precision': 0.923692055826662, 'eval/recall': 0.92462259594805, 'eval/F1': 0.923932808917518, 'eval/AUC': 0.9949070898110406}, BEST_EVAL_ACC: 0.9272049784880148, at 5000 iters
[2024-09-28 01:18:33,699 INFO] model saved: ./exp/unimatch_v2_svhn_250labels_seed2/model_best.pth
[2024-09-28 01:44:44,750 INFO] model saved: ./exp/unimatch_v2_svhn_250labels_seed2/latest_model.pth
[2024-09-28 01:44:59,544 INFO] confusion matrix:
[[9.55275229e-01 6.30733945e-03 3.44036697e-03 1.14678899e-03
  1.14678899e-03 3.44036697e-03 1.20412844e-02 1.14678899e-03
  4.58715596e-03 1.14678899e-02]
 [1.07864287e-02 9.59992155e-01 3.53010394e-03 2.94175328e-03
  1.05903118e-02 2.74563640e-03 1.56893509e-03 4.51068837e-03
  1.76505197e-03 1.56893509e-03]
 [1.20510966e-03 9.88189925e-03 9.51554591e-01 1.39792721e-02
  6.02554832e-03 6.26657026e-03 1.92817546e-03 3.85635093e-03
  9.64087732e-04 4.33839479e-03]
 [2.42886884e-03 1.21443442e-02 7.98056905e-03 9.38584316e-01
  4.16377516e-03 1.14503817e-02 4.51075642e-03 6.93962526e-04
  8.67453158e-03 9.36849410e-03]
 [3.56718193e-03 1.50614348e-02 1.98176774e-03 4.35988902e-03
  9.61950059e-01 1.18906064e-03 1.18906064e-03 1.98176774e-03
  3.96353547e-04 8.32342449e-03]
 [8.38926174e-04 5.45302013e-03 6.71140940e-03 1.46812081e-02
  5.45302013e-03 9.48825503e-01 1.04865772e-02 1.25838926e-03
  2.93624161e-03 3.35570470e-03]
 [1.11279717e-02 4.55235205e-03 1.51745068e-03 6.57561963e-03
  3.54071826e-03 8.59888720e-03 9.54982296e-01 1.01163379e-03
  6.06980273e-03 2.02326758e-03]
 [9.90589401e-04 3.71471025e-02 4.95294700e-03 5.94353640e-03
  2.47647350e-03 3.46706290e-03 1.98117880e-03 9.41059931e-01
  9.90589401e-04 9.90589401e-04]
 [6.62650602e-03 7.22891566e-03 1.80722892e-03 7.22891566e-03
  3.01204819e-03 3.61445783e-03 1.98795181e-02 0.00000000e+00
  9.39759036e-01 1.08433735e-02]
 [9.40438871e-03 6.26959248e-03 2.00626959e-02 4.38871473e-03
  3.13479624e-03 2.50783699e-03 1.25391850e-03 6.26959248e-04
  6.89655172e-03 9.45454545e-01]]
[2024-09-28 01:44:59,624 INFO] 10000 iteration, USE_EMA: True, {'train/sup_loss': tensor(0.0003, device='cuda:0'), 'train/unsup_loss': tensor(0.0930, device='cuda:0'), 'train/total_loss': tensor(0.0933, device='cuda:0'), 'train/mask_ratio': tensor(0.9219, device='cuda:0'), 'lr': 0.02999742232637523, 'train/prefecth_time': 0.0018857920169830322, 'train/run_time': 0.19343101501464843, 'eval/loss': tensor(0.2115, device='cuda:0'), 'eval/top-1-acc': 0.9510986478180701, 'eval/top-5-acc': 0.9943915181315304, 'eval/precision': 0.9484956834061956, 'eval/recall': 0.9497437664072409, 'eval/F1': 0.9490370406082229, 'eval/AUC': 0.9966640232498831}, BEST_EVAL_ACC: 0.9510986478180701, at 10000 iters
[2024-09-28 01:44:59,729 INFO] model saved: ./exp/unimatch_v2_svhn_250labels_seed2/model_best.pth
[2024-09-28 02:10:53,758 INFO] model saved: ./exp/unimatch_v2_svhn_250labels_seed2/latest_model.pth
[2024-09-28 02:11:07,527 INFO] confusion matrix:
[[9.63302752e-01 4.58715596e-03 3.44036697e-03 1.14678899e-03
  0.00000000e+00 2.86697248e-03 1.14678899e-02 1.72018349e-03
  2.86697248e-03 8.60091743e-03]
 [8.82525985e-03 9.63522259e-01 2.94175328e-03 2.74563640e-03
  9.80584428e-03 2.94175328e-03 1.96116886e-03 4.70680526e-03
  1.17670131e-03 1.37281820e-03]
 [1.20510966e-03 8.91781152e-03 9.53000723e-01 1.34972282e-02
  6.26657026e-03 7.47167992e-03 1.68715353e-03 3.37430706e-03
  7.23065799e-04 3.85635093e-03]
 [2.42886884e-03 9.36849410e-03 4.85773768e-03 9.49340736e-01
  3.12283137e-03 1.11034004e-02 4.16377516e-03 0.00000000e+00
  6.93962526e-03 8.67453158e-03]
 [4.35988902e-03 1.38723742e-02 2.77447483e-03 3.17082838e-03
  9.67102656e-01 7.92707095e-04 7.92707095e-04 1.98176774e-03
  3.96353547e-04 4.75624257e-03]
 [1.25838926e-03 4.61409396e-03 4.19463087e-03 1.09060403e-02
  5.03355705e-03 9.57634228e-01 8.80872483e-03 1.67785235e-03
  2.09731544e-03 3.77516779e-03]
 [7.58725341e-03 4.55235205e-03 1.01163379e-03 7.58725341e-03
  2.52908447e-03 1.06221548e-02 9.59534648e-01 1.01163379e-03
  3.54071826e-03 2.02326758e-03]
 [9.90589401e-04 2.92223873e-02 3.96235760e-03 5.94353640e-03
  1.98117880e-03 2.47647350e-03 1.48588410e-03 9.51956414e-01
  9.90589401e-04 9.90589401e-04]
 [6.62650602e-03 6.62650602e-03 1.80722892e-03 6.02409639e-03
  3.61445783e-03 4.21686747e-03 1.62650602e-02 0.00000000e+00
  9.46987952e-01 7.83132530e-03]
 [7.52351097e-03 7.52351097e-03 1.56739812e-02 4.38871473e-03
  2.50783699e-03 1.88087774e-03 6.26959248e-04 6.26959248e-04
  5.01567398e-03 9.54231975e-01]]
[2024-09-28 02:11:07,537 INFO] 15000 iteration, USE_EMA: True, {'train/sup_loss': tensor(0.0002, device='cuda:0'), 'train/unsup_loss': tensor(0.1121, device='cuda:0'), 'train/total_loss': tensor(0.1124, device='cuda:0'), 'train/mask_ratio': tensor(0.9442, device='cuda:0'), 'lr': 0.029994200724750647, 'train/prefecth_time': 0.46595538330078123, 'train/run_time': 0.19003680419921876, 'eval/loss': tensor(0.1908, device='cuda:0'), 'eval/top-1-acc': 0.9572449293177627, 'eval/top-5-acc': 0.994660417947142, 'eval/precision': 0.9550561791838975, 'eval/recall': 0.9566614343235351, 'eval/F1': 0.955788320947099, 'eval/AUC': 0.9969843506154056}, BEST_EVAL_ACC: 0.9572449293177627, at 15000 iters
[2024-09-28 02:11:07,663 INFO] model saved: ./exp/unimatch_v2_svhn_250labels_seed2/model_best.pth
[2024-09-28 02:37:12,583 INFO] model saved: ./exp/unimatch_v2_svhn_250labels_seed2/latest_model.pth
[2024-09-28 02:37:26,509 INFO] confusion matrix:
[[9.71330275e-01 4.01376147e-03 3.44036697e-03 1.14678899e-03
  5.73394495e-04 2.29357798e-03 9.74770642e-03 1.14678899e-03
  1.72018349e-03 4.58715596e-03]
 [8.04079231e-03 9.67248480e-01 3.72622083e-03 2.54951951e-03
  7.45244166e-03 1.76505197e-03 1.37281820e-03 5.09903903e-03
  1.76505197e-03 9.80584428e-04]
 [1.20510966e-03 7.71270186e-03 9.60954447e-01 1.10870089e-02
  4.82043866e-03 5.54350446e-03 1.44613160e-03 2.89226320e-03
  9.64087732e-04 3.37430706e-03]
 [3.12283137e-03 7.98056905e-03 4.16377516e-03 9.55586398e-01
  3.12283137e-03 1.04094379e-02 2.77585010e-03 3.46981263e-04
  4.16377516e-03 8.32755031e-03]
 [4.35988902e-03 1.03051922e-02 1.98176774e-03 3.17082838e-03
  9.75029727e-01 3.96353547e-04 7.92707095e-04 1.58541419e-03
  7.92707095e-04 1.58541419e-03]
 [1.67785235e-03 3.35570470e-03 3.77516779e-03 1.04865772e-02
  4.61409396e-03 9.60989933e-01 7.96979866e-03 1.25838926e-03
  2.93624161e-03 2.93624161e-03]
 [6.57561963e-03 4.04653515e-03 1.01163379e-03 6.06980273e-03
  3.03490137e-03 8.59888720e-03 9.65098634e-01 5.05816894e-04
  4.04653515e-03 1.01163379e-03]
 [9.90589401e-04 2.77365032e-02 4.45765230e-03 4.95294700e-03
  1.98117880e-03 1.48588410e-03 9.90589401e-04 9.55423477e-01
  4.95294700e-04 1.48588410e-03]
 [6.02409639e-03 6.02409639e-03 6.02409639e-04 7.22891566e-03
  3.01204819e-03 2.40963855e-03 1.26506024e-02 6.02409639e-04
  9.56024096e-01 5.42168675e-03]
 [1.00313480e-02 5.64263323e-03 1.31661442e-02 5.64263323e-03
  1.88087774e-03 3.76175549e-03 6.26959248e-04 6.26959248e-04
  6.26959248e-03 9.52351097e-01]]
[2024-09-28 02:37:26,520 INFO] 20000 iteration, USE_EMA: True, {'train/sup_loss': tensor(0.0002, device='cuda:0'), 'train/unsup_loss': tensor(0.0928, device='cuda:0'), 'train/total_loss': tensor(0.0930, device='cuda:0'), 'train/mask_ratio': tensor(0.9420, device='cuda:0'), 'lr': 0.02998969077929826, 'train/prefecth_time': 0.47992236328125, 'train/run_time': 0.192295166015625, 'eval/loss': tensor(0.1716, device='cuda:0'), 'eval/top-1-acc': 0.96269975414874, 'eval/top-5-acc': 0.9951213890596189, 'eval/precision': 0.9607726545695001, 'eval/recall': 0.9620036564742014, 'eval/F1': 0.9613335186017575, 'eval/AUC': 0.9972323563537876}, BEST_EVAL_ACC: 0.96269975414874, at 20000 iters
[2024-09-28 02:37:26,719 INFO] model saved: ./exp/unimatch_v2_svhn_250labels_seed2/model_best.pth
[2024-09-28 03:03:26,552 INFO] model saved: ./exp/unimatch_v2_svhn_250labels_seed2/latest_model.pth
[2024-09-28 03:03:40,003 INFO] confusion matrix:
[[9.65596330e-01 3.44036697e-03 2.86697248e-03 1.14678899e-03
  1.14678899e-03 3.44036697e-03 1.20412844e-02 1.72018349e-03
  5.73394495e-04 8.02752294e-03]
 [7.25632477e-03 9.67052363e-01 3.13787017e-03 2.74563640e-03
  1.00019612e-02 1.37281820e-03 1.56893509e-03 4.90292214e-03
  9.80584428e-04 9.80584428e-04]
 [9.64087732e-04 7.23065799e-03 9.63846710e-01 1.08459870e-02
  4.82043866e-03 4.82043866e-03 1.44613160e-03 2.41021933e-03
  4.82043866e-04 3.13328513e-03]
 [2.08188758e-03 7.63358779e-03 4.51075642e-03 9.59750173e-01
  2.77585010e-03 9.02151284e-03 3.12283137e-03 3.46981263e-04
  3.46981263e-03 7.28660652e-03]
 [3.56718193e-03 9.11613159e-03 2.37812128e-03 3.96353547e-03
  9.75822434e-01 3.96353547e-04 7.92707095e-04 1.58541419e-03
  7.92707095e-04 1.58541419e-03]
 [1.25838926e-03 3.77516779e-03 4.19463087e-03 1.21644295e-02
  3.35570470e-03 9.60151007e-01 8.38926174e-03 1.25838926e-03
  2.93624161e-03 2.51677852e-03]
 [6.57561963e-03 3.54071826e-03 5.05816894e-04 5.56398584e-03
  3.03490137e-03 7.08143652e-03 9.67121902e-01 5.05816894e-04
  3.54071826e-03 2.52908447e-03]
 [1.98117880e-03 2.57553244e-02 2.97176820e-03 2.97176820e-03
  3.46706290e-03 1.48588410e-03 9.90589401e-04 9.57899950e-01
  9.90589401e-04 1.48588410e-03]
 [7.22891566e-03 4.21686747e-03 1.20481928e-03 5.42168675e-03
  4.21686747e-03 4.21686747e-03 1.56626506e-02 6.02409639e-04
  9.50602410e-01 6.62650602e-03]
 [8.77742947e-03 6.26959248e-03 1.31661442e-02 6.26959248e-03
  1.25391850e-03 2.50783699e-03 1.25391850e-03 6.26959248e-04
  3.13479624e-03 9.56739812e-01]]
[2024-09-28 03:03:40,013 INFO] 25000 iteration, USE_EMA: True, {'train/sup_loss': tensor(0.0002, device='cuda:0'), 'train/unsup_loss': tensor(0.1115, device='cuda:0'), 'train/total_loss': tensor(0.1117, device='cuda:0'), 'train/mask_ratio': tensor(0.9509, device='cuda:0'), 'lr': 0.0299838926837342, 'train/prefecth_time': 0.45674356079101563, 'train/run_time': 0.19361016845703125, 'eval/loss': tensor(0.1684, device='cuda:0'), 'eval/top-1-acc': 0.9634680393362016, 'eval/top-5-acc': 0.9953518746158574, 'eval/precision': 0.9614844220531269, 'eval/recall': 0.962458309123997, 'eval/F1': 0.9619099140615877, 'eval/AUC': 0.9972533966528728}, BEST_EVAL_ACC: 0.9634680393362016, at 25000 iters
[2024-09-28 03:03:40,234 INFO] model saved: ./exp/unimatch_v2_svhn_250labels_seed2/model_best.pth
[2024-09-28 03:29:43,126 INFO] model saved: ./exp/unimatch_v2_svhn_250labels_seed2/latest_model.pth
[2024-09-28 03:29:56,554 INFO] confusion matrix:
[[9.71330275e-01 4.58715596e-03 2.29357798e-03 1.14678899e-03
  0.00000000e+00 3.44036697e-03 9.17431193e-03 1.14678899e-03
  2.86697248e-03 4.01376147e-03]
 [7.45244166e-03 9.70778584e-01 2.74563640e-03 2.35340263e-03
  6.66797411e-03 1.37281820e-03 1.76505197e-03 4.31457148e-03
  1.56893509e-03 9.80584428e-04]
 [7.23065799e-04 7.23065799e-03 9.66015907e-01 1.01229212e-02
  3.37430706e-03 5.06146059e-03 1.68715353e-03 2.41021933e-03
  7.23065799e-04 2.65124126e-03]
 [2.77585010e-03 7.98056905e-03 3.12283137e-03 9.58709230e-01
  3.12283137e-03 9.02151284e-03 3.12283137e-03 0.00000000e+00
  4.85773768e-03 7.28660652e-03]
 [3.96353547e-03 9.11613159e-03 1.58541419e-03 2.37812128e-03
  9.75822434e-01 7.92707095e-04 7.92707095e-04 2.37812128e-03
  1.18906064e-03 1.98176774e-03]
 [1.25838926e-03 3.77516779e-03 2.93624161e-03 1.00671141e-02
  2.93624161e-03 9.65604027e-01 6.71140940e-03 1.25838926e-03
  2.51677852e-03 2.93624161e-03]
 [7.08143652e-03 4.04653515e-03 5.05816894e-04 4.55235205e-03
  2.52908447e-03 7.58725341e-03 9.68639353e-01 5.05816894e-04
  3.54071826e-03 1.01163379e-03]
 [1.98117880e-03 2.72412085e-02 3.46706290e-03 3.46706290e-03
  1.98117880e-03 1.98117880e-03 4.95294700e-04 9.56414066e-01
  1.48588410e-03 1.48588410e-03]
 [5.42168675e-03 3.61445783e-03 1.80722892e-03 6.02409639e-03
  3.01204819e-03 3.01204819e-03 9.63855422e-03 0.00000000e+00
  9.63253012e-01 4.21686747e-03]
 [7.52351097e-03 5.64263323e-03 1.25391850e-02 6.26959248e-03
  1.25391850e-03 2.50783699e-03 0.00000000e+00 6.26959248e-04
  3.76175549e-03 9.59874608e-01]]
[2024-09-28 03:29:56,565 INFO] 30000 iteration, USE_EMA: True, {'train/sup_loss': tensor(0.0004, device='cuda:0'), 'train/unsup_loss': tensor(0.0806, device='cuda:0'), 'train/total_loss': tensor(0.0810, device='cuda:0'), 'train/mask_ratio': tensor(0.9464, device='cuda:0'), 'lr': 0.029976806687104632, 'train/prefecth_time': 0.47317486572265627, 'train/run_time': 0.1907874298095703, 'eval/loss': tensor(0.1604, device='cuda:0'), 'eval/top-1-acc': 0.9663106945298094, 'eval/top-5-acc': 0.9954671173939766, 'eval/precision': 0.9645307718301899, 'eval/recall': 0.9656441495993564, 'eval/F1': 0.9650451270359548, 'eval/AUC': 0.9973962233146246}, BEST_EVAL_ACC: 0.9663106945298094, at 30000 iters
[2024-09-28 03:29:56,749 INFO] model saved: ./exp/unimatch_v2_svhn_250labels_seed2/model_best.pth
[2024-09-28 03:56:12,427 INFO] model saved: ./exp/unimatch_v2_svhn_250labels_seed2/latest_model.pth
[2024-09-28 03:56:25,525 INFO] confusion matrix:
[[9.70183486e-01 4.01376147e-03 3.44036697e-03 1.14678899e-03
  0.00000000e+00 2.86697248e-03 8.60091743e-03 2.29357798e-03
  1.72018349e-03 5.73394495e-03]
 [8.43302608e-03 9.66267896e-01 3.33398706e-03 2.35340263e-03
  7.64855854e-03 1.56893509e-03 1.76505197e-03 6.07962346e-03
  1.56893509e-03 9.80584428e-04]
 [7.23065799e-04 6.26657026e-03 9.68185105e-01 9.64087732e-03
  2.89226320e-03 4.33839479e-03 9.64087732e-04 3.13328513e-03
  9.64087732e-04 2.89226320e-03]
 [2.42886884e-03 6.93962526e-03 3.46981263e-03 9.61485080e-01
  2.77585010e-03 8.67453158e-03 2.08188758e-03 6.93962526e-04
  4.16377516e-03 7.28660652e-03]
 [2.77447483e-03 1.03051922e-02 1.98176774e-03 3.56718193e-03
  9.76218787e-01 7.92707095e-04 7.92707095e-04 1.18906064e-03
  7.92707095e-04 1.58541419e-03]
 [1.25838926e-03 3.35570470e-03 3.77516779e-03 1.09060403e-02
  2.51677852e-03 9.65184564e-01 6.29194631e-03 1.25838926e-03
  2.51677852e-03 2.93624161e-03]
 [6.57561963e-03 4.04653515e-03 0.00000000e+00 6.57561963e-03
  2.52908447e-03 7.08143652e-03 9.67121902e-01 5.05816894e-04
  3.03490137e-03 2.52908447e-03]
 [1.48588410e-03 2.08023774e-02 3.96235760e-03 3.96235760e-03
  1.98117880e-03 1.48588410e-03 4.95294700e-04 9.64338782e-01
  4.95294700e-04 9.90589401e-04]
 [5.42168675e-03 2.40963855e-03 1.80722892e-03 5.42168675e-03
  3.01204819e-03 2.40963855e-03 1.02409639e-02 0.00000000e+00
  9.65662651e-01 3.61445783e-03]
 [8.15047022e-03 5.01567398e-03 1.31661442e-02 4.38871473e-03
  1.88087774e-03 1.88087774e-03 6.26959248e-04 6.26959248e-04
  4.38871473e-03 9.59874608e-01]]
[2024-09-28 03:56:25,536 INFO] 35000 iteration, USE_EMA: True, {'train/sup_loss': tensor(0.0003, device='cuda:0'), 'train/unsup_loss': tensor(0.0717, device='cuda:0'), 'train/total_loss': tensor(0.0721, device='cuda:0'), 'train/mask_ratio': tensor(0.9420, device='cuda:0'), 'lr': 0.029968433093775056, 'train/prefecth_time': 0.47058087158203127, 'train/run_time': 0.19171388244628906, 'eval/loss': tensor(0.1600, device='cuda:0'), 'eval/top-1-acc': 0.9666564228641672, 'eval/top-5-acc': 0.9955055316533498, 'eval/precision': 0.964608283918094, 'eval/recall': 0.9664522859670553, 'eval/F1': 0.9655024268457906, 'eval/AUC': 0.997513748267256}, BEST_EVAL_ACC: 0.9666564228641672, at 35000 iters
[2024-09-28 03:56:25,786 INFO] model saved: ./exp/unimatch_v2_svhn_250labels_seed2/model_best.pth
[2024-09-28 04:22:25,355 INFO] model saved: ./exp/unimatch_v2_svhn_250labels_seed2/latest_model.pth
[2024-09-28 04:22:43,793 INFO] confusion matrix:
[[9.71330275e-01 5.16055046e-03 2.86697248e-03 1.72018349e-03
  0.00000000e+00 4.58715596e-03 8.60091743e-03 1.72018349e-03
  1.72018349e-03 2.29357798e-03]
 [5.49127280e-03 9.74112571e-01 3.13787017e-03 2.15728574e-03
  6.27574034e-03 1.17670131e-03 1.37281820e-03 4.31457148e-03
  1.17670131e-03 7.84467543e-04]
 [7.23065799e-04 7.23065799e-03 9.67703061e-01 7.47167992e-03
  3.85635093e-03 5.54350446e-03 1.44613160e-03 2.41021933e-03
  9.64087732e-04 2.65124126e-03]
 [2.08188758e-03 7.98056905e-03 3.81679389e-03 9.60791117e-01
  2.77585010e-03 7.98056905e-03 2.77585010e-03 3.46981263e-04
  5.20471895e-03 6.24566273e-03]
 [3.17082838e-03 9.11613159e-03 1.58541419e-03 1.58541419e-03
  9.79389616e-01 7.92707095e-04 7.92707095e-04 1.58541419e-03
  7.92707095e-04 1.18906064e-03]
 [1.25838926e-03 3.35570470e-03 4.61409396e-03 1.00671141e-02
  2.51677852e-03 9.65184564e-01 6.29194631e-03 1.25838926e-03
  2.93624161e-03 2.51677852e-03]
 [6.57561963e-03 3.03490137e-03 0.00000000e+00 6.57561963e-03
  2.52908447e-03 1.01163379e-02 9.64087001e-01 1.51745068e-03
  4.04653515e-03 1.51745068e-03]
 [1.48588410e-03 2.77365032e-02 2.97176820e-03 3.96235760e-03
  1.98117880e-03 1.48588410e-03 0.00000000e+00 9.57899950e-01
  4.95294700e-04 1.98117880e-03]
 [4.81927711e-03 2.40963855e-03 6.02409639e-04 4.81927711e-03
  3.01204819e-03 6.02409639e-04 1.02409639e-02 0.00000000e+00
  9.70481928e-01 3.01204819e-03]
 [5.01567398e-03 7.52351097e-03 1.37931034e-02 3.76175549e-03
  1.25391850e-03 1.88087774e-03 0.00000000e+00 0.00000000e+00
  3.76175549e-03 9.63009404e-01]]
[2024-09-28 04:22:43,877 INFO] 40000 iteration, USE_EMA: True, {'train/sup_loss': tensor(0.0040, device='cuda:0'), 'train/unsup_loss': tensor(0.1259, device='cuda:0'), 'train/total_loss': tensor(0.1299, device='cuda:0'), 'train/mask_ratio': tensor(0.9420, device='cuda:0'), 'lr': 0.029958772263417244, 'train/prefecth_time': 0.002094752073287964, 'train/run_time': 0.19039414978027344, 'eval/loss': tensor(0.1546, device='cuda:0'), 'eval/top-1-acc': 0.9681929932390904, 'eval/top-5-acc': 0.9955439459127228, 'eval/precision': 0.967135487663761, 'eval/recall': 0.9673989486951298, 'eval/F1': 0.9672418972693031, 'eval/AUC': 0.9974672847387602}, BEST_EVAL_ACC: 0.9681929932390904, at 40000 iters
[2024-09-28 04:22:44,014 INFO] model saved: ./exp/unimatch_v2_svhn_250labels_seed2/model_best.pth
[2024-09-28 04:48:53,643 INFO] model saved: ./exp/unimatch_v2_svhn_250labels_seed2/latest_model.pth
[2024-09-28 04:49:13,742 INFO] confusion matrix:
[[9.72477064e-01 2.86697248e-03 3.44036697e-03 1.14678899e-03
  0.00000000e+00 3.44036697e-03 8.60091743e-03 2.29357798e-03
  3.44036697e-03 2.29357798e-03]
 [6.47185723e-03 9.72347519e-01 3.72622083e-03 1.76505197e-03
  5.88350657e-03 1.37281820e-03 1.37281820e-03 4.90292214e-03
  1.37281820e-03 7.84467543e-04]
 [7.23065799e-04 5.78452639e-03 9.70836346e-01 7.71270186e-03
  3.37430706e-03 4.82043866e-03 9.64087732e-04 2.41021933e-03
  4.82043866e-04 2.89226320e-03]
 [1.38792505e-03 8.32755031e-03 4.51075642e-03 9.60444136e-01
  3.12283137e-03 9.36849410e-03 2.42886884e-03 3.46981263e-04
  3.12283137e-03 6.93962526e-03]
 [2.77447483e-03 7.13436385e-03 1.18906064e-03 2.77447483e-03
  9.80578676e-01 7.92707095e-04 7.92707095e-04 1.18906064e-03
  7.92707095e-04 1.98176774e-03]
 [1.25838926e-03 2.93624161e-03 3.35570470e-03 9.64765101e-03
  2.51677852e-03 9.67281879e-01 6.29194631e-03 1.25838926e-03
  2.51677852e-03 2.93624161e-03]
 [5.56398584e-03 4.04653515e-03 5.05816894e-04 4.55235205e-03
  2.52908447e-03 8.59888720e-03 9.69145169e-01 5.05816894e-04
  2.52908447e-03 2.02326758e-03]
 [2.47647350e-03 2.12976721e-02 2.97176820e-03 3.46706290e-03
  2.47647350e-03 1.98117880e-03 0.00000000e+00 9.63348192e-01
  9.90589401e-04 9.90589401e-04]
 [4.81927711e-03 2.40963855e-03 1.80722892e-03 5.42168675e-03
  3.61445783e-03 1.20481928e-03 1.08433735e-02 0.00000000e+00
  9.65060241e-01 4.81927711e-03]
 [6.26959248e-03 6.26959248e-03 1.50470219e-02 3.76175549e-03
  6.26959248e-04 2.50783699e-03 0.00000000e+00 0.00000000e+00
  2.50783699e-03 9.63009404e-01]]
[2024-09-28 04:49:13,753 INFO] 45000 iteration, USE_EMA: True, {'train/sup_loss': tensor(0.0002, device='cuda:0'), 'train/unsup_loss': tensor(0.1172, device='cuda:0'), 'train/total_loss': tensor(0.1174, device='cuda:0'), 'train/mask_ratio': tensor(0.9509, device='cuda:0'), 'lr': 0.029947824610993785, 'train/prefecth_time': 0.49222705078125, 'train/run_time': 0.1925076141357422, 'eval/loss': tensor(0.1523, device='cuda:0'), 'eval/top-1-acc': 0.9691533497234174, 'eval/top-5-acc': 0.9957744314689613, 'eval/precision': 0.9676202272168695, 'eval/recall': 0.9684528627815088, 'eval/F1': 0.9680137115053199, 'eval/AUC': 0.997524367882264}, BEST_EVAL_ACC: 0.9691533497234174, at 45000 iters
[2024-09-28 04:49:14,034 INFO] model saved: ./exp/unimatch_v2_svhn_250labels_seed2/model_best.pth
[2024-09-28 05:15:16,453 INFO] model saved: ./exp/unimatch_v2_svhn_250labels_seed2/latest_model.pth
[2024-09-28 05:15:30,367 INFO] confusion matrix:
[[9.74197248e-01 3.44036697e-03 2.29357798e-03 2.29357798e-03
  0.00000000e+00 2.29357798e-03 8.60091743e-03 1.14678899e-03
  1.72018349e-03 4.01376147e-03]
 [6.66797411e-03 9.72347519e-01 3.13787017e-03 2.54951951e-03
  6.47185723e-03 1.37281820e-03 1.56893509e-03 4.11845460e-03
  9.80584428e-04 7.84467543e-04]
 [7.23065799e-04 4.57941673e-03 9.71077368e-01 9.15883345e-03
  3.13328513e-03 3.85635093e-03 1.20510966e-03 2.41021933e-03
  1.20510966e-03 2.65124126e-03]
 [2.08188758e-03 7.98056905e-03 3.46981263e-03 9.64954892e-01
  1.73490632e-03 7.63358779e-03 2.42886884e-03 3.46981263e-04
  3.46981263e-03 5.89868147e-03]
 [2.37812128e-03 6.73801031e-03 1.18906064e-03 3.96353547e-03
  9.80975030e-01 7.92707095e-04 7.92707095e-04 1.18906064e-03
  7.92707095e-04 1.18906064e-03]
 [1.25838926e-03 3.35570470e-03 2.93624161e-03 8.80872483e-03
  3.35570470e-03 9.66442953e-01 7.13087248e-03 1.25838926e-03
  2.51677852e-03 2.93624161e-03]
 [4.55235205e-03 3.54071826e-03 0.00000000e+00 6.57561963e-03
  3.54071826e-03 7.08143652e-03 9.67627719e-01 1.51745068e-03
  3.03490137e-03 2.52908447e-03]
 [1.98117880e-03 1.98117880e-02 3.46706290e-03 3.96235760e-03
  1.48588410e-03 1.98117880e-03 0.00000000e+00 9.65329371e-01
  4.95294700e-04 1.48588410e-03]
 [4.21686747e-03 1.80722892e-03 1.20481928e-03 5.42168675e-03
  3.61445783e-03 1.80722892e-03 1.14457831e-02 0.00000000e+00
  9.66867470e-01 3.61445783e-03]
 [6.89655172e-03 5.64263323e-03 1.31661442e-02 5.01567398e-03
  1.25391850e-03 2.50783699e-03 1.25391850e-03 0.00000000e+00
  3.76175549e-03 9.60501567e-01]]
[2024-09-28 05:15:30,379 INFO] 50000 iteration, USE_EMA: True, {'train/sup_loss': tensor(0.0002, device='cuda:0'), 'train/unsup_loss': tensor(0.0714, device='cuda:0'), 'train/total_loss': tensor(0.0716, device='cuda:0'), 'train/mask_ratio': tensor(0.9665, device='cuda:0'), 'lr': 0.029935590606740264, 'train/prefecth_time': 0.46832870483398437, 'train/run_time': 0.1907621765136719, 'eval/loss': tensor(0.1496, device='cuda:0'), 'eval/top-1-acc': 0.9697679778733866, 'eval/top-5-acc': 0.9956976029502151, 'eval/precision': 0.9680128394860738, 'eval/recall': 0.9690321137069944, 'eval/F1': 0.968496626151792, 'eval/AUC': 0.9975630391685041}, BEST_EVAL_ACC: 0.9697679778733866, at 50000 iters
[2024-09-28 05:15:30,523 INFO] model saved: ./exp/unimatch_v2_svhn_250labels_seed2/model_best.pth
[2024-09-28 05:41:35,907 INFO] model saved: ./exp/unimatch_v2_svhn_250labels_seed2/latest_model.pth
[2024-09-28 05:41:51,027 INFO] confusion matrix:
[[9.75917431e-01 5.16055046e-03 1.72018349e-03 1.14678899e-03
  0.00000000e+00 3.44036697e-03 6.88073394e-03 1.72018349e-03
  1.72018349e-03 2.29357798e-03]
 [6.07962346e-03 9.73131987e-01 3.33398706e-03 2.35340263e-03
  5.49127280e-03 9.80584428e-04 1.96116886e-03 4.51068837e-03
  1.37281820e-03 7.84467543e-04]
 [9.64087732e-04 5.54350446e-03 9.70113280e-01 7.23065799e-03
  2.89226320e-03 4.57941673e-03 1.20510966e-03 3.61532899e-03
  4.82043866e-04 3.37430706e-03]
 [1.73490632e-03 6.93962526e-03 3.81679389e-03 9.66342817e-01
  3.12283137e-03 7.28660652e-03 1.73490632e-03 3.46981263e-04
  4.16377516e-03 4.51075642e-03]
 [2.37812128e-03 6.73801031e-03 1.98176774e-03 3.17082838e-03
  9.80975030e-01 7.92707095e-04 7.92707095e-04 1.18906064e-03
  7.92707095e-04 1.18906064e-03]
 [1.25838926e-03 3.35570470e-03 3.35570470e-03 8.80872483e-03
  2.51677852e-03 9.66023490e-01 7.55033557e-03 1.25838926e-03
  2.51677852e-03 3.35570470e-03]
 [6.06980273e-03 3.54071826e-03 0.00000000e+00 4.04653515e-03
  3.54071826e-03 6.06980273e-03 9.70662620e-01 1.51745068e-03
  3.03490137e-03 1.51745068e-03]
 [1.48588410e-03 2.52600297e-02 2.97176820e-03 2.47647350e-03
  1.48588410e-03 1.48588410e-03 0.00000000e+00 9.62852897e-01
  4.95294700e-04 1.48588410e-03]
 [4.21686747e-03 3.01204819e-03 1.20481928e-03 4.21686747e-03
  3.61445783e-03 6.02409639e-04 1.14457831e-02 0.00000000e+00
  9.67469880e-01 4.21686747e-03]
 [6.89655172e-03 5.01567398e-03 1.19122257e-02 4.38871473e-03
  2.50783699e-03 1.25391850e-03 0.00000000e+00 0.00000000e+00
  6.26959248e-03 9.61755486e-01]]
[2024-09-28 05:41:51,039 INFO] 55000 iteration, USE_EMA: True, {'train/sup_loss': tensor(8.6573e-05, device='cuda:0'), 'train/unsup_loss': tensor(0.0745, device='cuda:0'), 'train/total_loss': tensor(0.0746, device='cuda:0'), 'train/mask_ratio': tensor(0.9665, device='cuda:0'), 'lr': 0.02992207077614505, 'train/prefecth_time': 0.4720450439453125, 'train/run_time': 0.1910834197998047, 'eval/loss': tensor(0.1493, device='cuda:0'), 'eval/top-1-acc': 0.9701521204671174, 'eval/top-5-acc': 0.9957744314689613, 'eval/precision': 0.9685871343365594, 'eval/recall': 0.9695244918329475, 'eval/F1': 0.969031283225279, 'eval/AUC': 0.9975744362348481}, BEST_EVAL_ACC: 0.9701521204671174, at 55000 iters
[2024-09-28 05:41:51,191 INFO] model saved: ./exp/unimatch_v2_svhn_250labels_seed2/model_best.pth
[2024-09-28 06:07:55,222 INFO] model saved: ./exp/unimatch_v2_svhn_250labels_seed2/latest_model.pth
[2024-09-28 06:08:09,061 INFO] confusion matrix:
[[9.76490826e-01 4.58715596e-03 2.86697248e-03 1.14678899e-03
  5.73394495e-04 2.86697248e-03 6.30733945e-03 1.14678899e-03
  1.14678899e-03 2.86697248e-03]
 [6.27574034e-03 9.73131987e-01 3.33398706e-03 1.56893509e-03
  6.47185723e-03 1.37281820e-03 1.37281820e-03 3.92233771e-03
  1.17670131e-03 1.37281820e-03]
 [7.23065799e-04 4.82043866e-03 9.71077368e-01 7.71270186e-03
  3.37430706e-03 4.82043866e-03 1.44613160e-03 2.16919740e-03
  7.23065799e-04 3.13328513e-03]
 [1.73490632e-03 9.36849410e-03 3.46981263e-03 9.63566967e-01
  2.08188758e-03 8.67453158e-03 2.08188758e-03 3.46981263e-04
  4.16377516e-03 4.51075642e-03]
 [3.56718193e-03 6.34165676e-03 2.37812128e-03 2.77447483e-03
  9.80578676e-01 7.92707095e-04 7.92707095e-04 1.18906064e-03
  7.92707095e-04 7.92707095e-04]
 [1.67785235e-03 2.93624161e-03 3.77516779e-03 9.22818792e-03
  2.93624161e-03 9.68959732e-01 5.45302013e-03 1.25838926e-03
  1.25838926e-03 2.51677852e-03]
 [5.56398584e-03 3.03490137e-03 0.00000000e+00 7.08143652e-03
  1.51745068e-03 7.08143652e-03 9.69650986e-01 1.51745068e-03
  3.54071826e-03 1.01163379e-03]
 [1.48588410e-03 2.22882615e-02 3.46706290e-03 2.47647350e-03
  2.47647350e-03 1.48588410e-03 0.00000000e+00 9.63348192e-01
  9.90589401e-04 1.98117880e-03]
 [4.21686747e-03 4.21686747e-03 1.20481928e-03 5.42168675e-03
  1.80722892e-03 6.02409639e-04 1.20481928e-02 0.00000000e+00
  9.65060241e-01 5.42168675e-03]
 [7.52351097e-03 4.38871473e-03 1.12852665e-02 3.13479624e-03
  1.88087774e-03 1.88087774e-03 6.26959248e-04 0.00000000e+00
  4.38871473e-03 9.64890282e-01]]
[2024-09-28 06:08:09,072 INFO] 60000 iteration, USE_EMA: True, {'train/sup_loss': tensor(0.0004, device='cuda:0'), 'train/unsup_loss': tensor(0.1011, device='cuda:0'), 'train/total_loss': tensor(0.1015, device='cuda:0'), 'train/mask_ratio': tensor(0.9732, device='cuda:0'), 'lr': 0.029907265699926754, 'train/prefecth_time': 0.47749508666992185, 'train/run_time': 0.19205126953125, 'eval/loss': tensor(0.1490, device='cuda:0'), 'eval/top-1-acc': 0.9702673632452367, 'eval/top-5-acc': 0.9958512599877074, 'eval/precision': 0.9688102544758301, 'eval/recall': 0.9696755257111958, 'eval/F1': 0.96921266909322, 'eval/AUC': 0.9975772179712681}, BEST_EVAL_ACC: 0.9702673632452367, at 60000 iters
[2024-09-28 06:08:09,243 INFO] model saved: ./exp/unimatch_v2_svhn_250labels_seed2/model_best.pth
[2024-09-28 06:34:17,721 INFO] model saved: ./exp/unimatch_v2_svhn_250labels_seed2/latest_model.pth
[2024-09-28 06:34:37,909 INFO] confusion matrix:
[[9.78211009e-01 3.44036697e-03 2.29357798e-03 1.72018349e-03
  5.73394495e-04 1.72018349e-03 6.88073394e-03 1.14678899e-03
  1.14678899e-03 2.86697248e-03]
 [7.06020788e-03 9.73524220e-01 3.72622083e-03 1.96116886e-03
  4.90292214e-03 1.17670131e-03 1.56893509e-03 4.31457148e-03
  9.80584428e-04 7.84467543e-04]
 [9.64087732e-04 4.57941673e-03 9.71559412e-01 6.74861412e-03
  3.37430706e-03 4.57941673e-03 1.20510966e-03 2.89226320e-03
  9.64087732e-04 3.13328513e-03]
 [2.42886884e-03 7.28660652e-03 4.16377516e-03 9.64954892e-01
  2.08188758e-03 8.32755031e-03 2.42886884e-03 0.00000000e+00
  3.46981263e-03 4.85773768e-03]
 [3.96353547e-03 7.53071740e-03 2.37812128e-03 3.17082838e-03
  9.78993262e-01 7.92707095e-04 7.92707095e-04 7.92707095e-04
  7.92707095e-04 7.92707095e-04]
 [1.67785235e-03 3.35570470e-03 3.77516779e-03 9.22818792e-03
  2.51677852e-03 9.68540268e-01 5.45302013e-03 1.25838926e-03
  1.67785235e-03 2.51677852e-03]
 [6.57561963e-03 3.03490137e-03 0.00000000e+00 6.57561963e-03
  2.52908447e-03 5.56398584e-03 9.70156803e-01 1.01163379e-03
  3.03490137e-03 1.51745068e-03]
 [1.48588410e-03 2.22882615e-02 2.97176820e-03 2.47647350e-03
  1.98117880e-03 1.48588410e-03 4.95294700e-04 9.64834076e-01
  9.90589401e-04 9.90589401e-04]
 [6.62650602e-03 2.40963855e-03 0.00000000e+00 4.21686747e-03
  2.40963855e-03 1.20481928e-03 1.20481928e-02 0.00000000e+00
  9.66867470e-01 4.21686747e-03]
 [8.77742947e-03 5.64263323e-03 1.12852665e-02 4.38871473e-03
  1.88087774e-03 2.50783699e-03 1.25391850e-03 0.00000000e+00
  1.88087774e-03 9.62382445e-01]]
[2024-09-28 06:34:38,037 INFO] 65000 iteration, USE_EMA: True, {'train/sup_loss': tensor(0.0002, device='cuda:0'), 'train/unsup_loss': tensor(0.0982, device='cuda:0'), 'train/total_loss': tensor(0.0983, device='cuda:0'), 'train/mask_ratio': tensor(0.9732, device='cuda:0'), 'lr': 0.029891176014009247, 'train/prefecth_time': 0.48270928955078124, 'train/run_time': 0.19294371032714844, 'eval/loss': tensor(0.1506, device='cuda:0'), 'eval/top-1-acc': 0.9706130915795943, 'eval/top-5-acc': 0.9954287031346035, 'eval/precision': 0.969000459795255, 'eval/recall': 0.9700023858931249, 'eval/F1': 0.9694583664849217, 'eval/AUC': 0.9974897221130783}, BEST_EVAL_ACC: 0.9706130915795943, at 65000 iters
[2024-09-28 06:34:38,248 INFO] model saved: ./exp/unimatch_v2_svhn_250labels_seed2/model_best.pth
[2024-09-28 07:00:54,142 INFO] model saved: ./exp/unimatch_v2_svhn_250labels_seed2/latest_model.pth
[2024-09-28 07:01:07,796 INFO] confusion matrix:
[[9.75917431e-01 4.58715596e-03 1.14678899e-03 1.72018349e-03
  0.00000000e+00 3.44036697e-03 7.45412844e-03 1.14678899e-03
  1.14678899e-03 3.44036697e-03]
 [5.68738968e-03 9.75289272e-01 3.13787017e-03 2.35340263e-03
  5.29515591e-03 1.17670131e-03 1.37281820e-03 3.92233771e-03
  9.80584428e-04 7.84467543e-04]
 [7.23065799e-04 4.57941673e-03 9.74933719e-01 5.78452639e-03
  2.41021933e-03 4.82043866e-03 1.20510966e-03 1.92817546e-03
  7.23065799e-04 2.89226320e-03]
 [1.73490632e-03 9.02151284e-03 3.46981263e-03 9.65301874e-01
  1.38792505e-03 7.98056905e-03 2.08188758e-03 6.93962526e-04
  4.51075642e-03 3.81679389e-03]
 [3.56718193e-03 6.34165676e-03 2.37812128e-03 3.56718193e-03
  9.78993262e-01 7.92707095e-04 1.18906064e-03 1.18906064e-03
  1.18906064e-03 7.92707095e-04]
 [1.67785235e-03 3.77516779e-03 3.35570470e-03 7.55033557e-03
  2.09731544e-03 9.69379195e-01 7.13087248e-03 8.38926174e-04
  2.09731544e-03 2.09731544e-03]
 [6.06980273e-03 4.04653515e-03 5.05816894e-04 7.08143652e-03
  2.52908447e-03 7.08143652e-03 9.66110268e-01 1.01163379e-03
  3.03490137e-03 2.52908447e-03]
 [1.48588410e-03 1.98117880e-02 2.97176820e-03 2.97176820e-03
  1.98117880e-03 1.48588410e-03 0.00000000e+00 9.67310550e-01
  4.95294700e-04 1.48588410e-03]
 [5.42168675e-03 2.40963855e-03 1.20481928e-03 3.01204819e-03
  2.40963855e-03 1.20481928e-03 1.20481928e-02 6.02409639e-04
  9.67469880e-01 4.21686747e-03]
 [7.52351097e-03 5.01567398e-03 1.44200627e-02 3.13479624e-03
  1.88087774e-03 2.50783699e-03 1.25391850e-03 0.00000000e+00
  1.88087774e-03 9.62382445e-01]]
