[2024-09-27 21:47:42,464 WARNING] USE GPU: 0 for training
[2024-09-27 21:47:42,530 INFO] Number of Trainable Params: 1469642
[2024-09-27 21:47:43,322 INFO] model_arch: <models.unimatch_v2.unimatch_v2.UniMatchV2 object at 0x40018db43850>
[2024-09-27 21:47:43,322 INFO] Arguments: Namespace(save_dir='./exp', save_name='unimatch_v2_svhn_40labels_seed0', resume=True, load_path='None', overwrite=False, use_tensorboard=True, epoch=1, num_train_iter=1048576, num_eval_iter=5000, num_labels=40, batch_size=64, uratio=7, eval_batch_size=1024, hard_label=True, T=0.5, p_cutoff=0.95, ema_m=0.999, ulb_loss_ratio=1.0, optim='SGD', lr=0.03, momentum=0.9, weight_decay=0.0005, amp=False, clip=0, net='WideResNet', net_from_name=False, depth=28, widen_factor=2, leaky_slope=0.1, dropout=0.0, data_dir='./data', dataset='svhn', train_sampler='RandomSampler', num_classes=10, num_workers=1, world_size=1, rank=0, dist_url='tcp://127.0.0.1:25906', dist_backend='nccl', seed=0, gpu=0, multiprocessing_distributed=True, c='config/unimatch_v2_svhn_40labels_seed0.yaml', use_da=False, alg='unimatch_v2', distributed=True, bn_momentum=0.0010000000000000009)
[2024-09-28 00:42:46,745 INFO] [!] data loader keys: dict_keys(['train_lb', 'train_ulb', 'eval'])
[2024-09-28 00:43:01,248 INFO] confusion matrix:
[[0.77006881 0.1353211  0.09461009 0.         0.         0.
  0.         0.         0.         0.        ]
 [0.72033732 0.22749559 0.05216709 0.         0.         0.
  0.         0.         0.         0.        ]
 [0.7307785  0.18124849 0.08797301 0.         0.         0.
  0.         0.         0.         0.        ]
 [0.74045802 0.18008328 0.07945871 0.         0.         0.
  0.         0.         0.         0.        ]
 [0.77923107 0.15140706 0.06936187 0.         0.         0.
  0.         0.         0.         0.        ]
 [0.73028523 0.15184564 0.11786913 0.         0.         0.
  0.         0.         0.         0.        ]
 [0.75973698 0.14162873 0.09863429 0.         0.         0.
  0.         0.         0.         0.        ]
 [0.70876672 0.21842496 0.07280832 0.         0.         0.
  0.         0.         0.         0.        ]
 [0.75481928 0.1439759  0.10120482 0.         0.         0.
  0.         0.         0.         0.        ]
 [0.77366771 0.12163009 0.10470219 0.         0.         0.
  0.         0.         0.         0.        ]]
[2024-09-28 00:47:01,656 INFO] model saved: ./exp/unimatch_v2_svhn_40labels_seed0/latest_model.pth
[2024-09-28 00:47:14,373 INFO] confusion matrix:
[[0.77752294 0.13302752 0.08944954 0.         0.         0.
  0.         0.         0.         0.        ]
 [0.72602471 0.22376937 0.05020592 0.         0.         0.
  0.         0.         0.         0.        ]
 [0.73704507 0.17811521 0.08483972 0.         0.         0.
  0.         0.         0.         0.        ]
 [0.7463567  0.17800139 0.07564192 0.         0.         0.
  0.         0.         0.         0.        ]
 [0.78993262 0.1450654  0.06500198 0.         0.         0.
  0.         0.         0.         0.        ]
 [0.73657718 0.15058725 0.11283557 0.         0.         0.
  0.         0.         0.         0.        ]
 [0.76985331 0.13707638 0.09307031 0.         0.         0.
  0.         0.         0.         0.        ]
 [0.71471025 0.21545319 0.06983655 0.         0.         0.
  0.         0.         0.         0.        ]
 [0.76325301 0.13915663 0.09759036 0.         0.         0.
  0.         0.         0.         0.        ]
 [0.78056426 0.12037618 0.09905956 0.         0.         0.
  0.         0.         0.         0.        ]]
[2024-09-28 00:47:14,383 INFO] 0 iteration, USE_EMA: True, {'train/sup_loss': tensor(2.4562, device='cuda:0'), 'train/unsup_loss': tensor(0., device='cuda:0'), 'train/total_loss': tensor(2.4562, device='cuda:0'), 'train/mask_ratio': tensor(0., device='cuda:0'), 'lr': 0.029999999999974228, 'train/prefecth_time': 244.491578125, 'train/run_time': 1.38181396484375, 'eval/loss': tensor(16.3765, device='cuda:0'), 'eval/top-1-acc': 0.10944222495390289, 'eval/top-5-acc': 0.6096727105101414, 'eval/precision': 0.049518158201594074, 'eval/recall': 0.10861320227368335, 'eval/F1': 0.047933978333491875, 'eval/AUC': 0.500238846845488}, BEST_EVAL_ACC: 0.10944222495390289, at 0 iters
[2024-09-28 00:47:14,631 INFO] model saved: ./exp/unimatch_v2_svhn_40labels_seed0/model_best.pth
[2024-09-28 01:11:01,643 INFO] model saved: ./exp/unimatch_v2_svhn_40labels_seed0/latest_model.pth
[2024-09-28 01:11:24,346 INFO] confusion matrix:
[[0.04759174 0.04529817 0.02580275 0.13360092 0.12041284 0.40711009
  0.03669725 0.14392202 0.03038991 0.00917431]
 [0.03235929 0.05746225 0.02431849 0.1033536  0.17336733 0.39752893
  0.03314375 0.14100804 0.03451657 0.00294175]
 [0.00964088 0.00602555 0.03470716 0.16461798 0.10484454 0.50301277
  0.03374307 0.10701374 0.02096891 0.0154254 ]
 [0.01596114 0.00971548 0.02879944 0.15475364 0.13358779 0.47709924
  0.02984039 0.11172797 0.02428869 0.01422623]
 [0.01823226 0.02893381 0.02378121 0.14823623 0.18866429 0.41854935
  0.02933016 0.1169243  0.02140309 0.0059453 ]
 [0.0113255  0.00419463 0.03901007 0.18078859 0.06375839 0.51300336
  0.03733221 0.10276846 0.02181208 0.02600671]
 [0.02023268 0.01365706 0.0389479  0.18158827 0.10419828 0.46282246
  0.03540718 0.11532625 0.01669196 0.01112797]
 [0.02030708 0.02080238 0.03615651 0.15304606 0.11589896 0.45071818
  0.03219416 0.13620604 0.02922239 0.00544824]
 [0.03012048 0.02289157 0.03674699 0.17228916 0.08855422 0.44879518
  0.03192771 0.13253012 0.02108434 0.01506024]
 [0.01504702 0.01504702 0.03761755 0.17868339 0.10658307 0.44702194
  0.03322884 0.13291536 0.02319749 0.01065831]]
[2024-09-28 01:11:24,357 INFO] 5000 iteration, USE_EMA: True, {'train/sup_loss': tensor(0.0023, device='cuda:0'), 'train/unsup_loss': tensor(0.3467, device='cuda:0'), 'train/total_loss': tensor(0.3491, device='cuda:0'), 'train/mask_ratio': tensor(0.4911, device='cuda:0'), 'lr': 0.029999355445794247, 'train/prefecth_time': 0.0019876799583435057, 'train/run_time': 0.19238963317871094, 'eval/loss': tensor(5.0493, device='cuda:0'), 'eval/top-1-acc': 0.11762446220036878, 'eval/top-5-acc': 0.5035725261216963, 'eval/precision': 0.1422635821176887, 'eval/recall': 0.11995383062781997, 'eval/F1': 0.09021394978040917, 'eval/AUC': 0.5277719042489192}, BEST_EVAL_ACC: 0.11762446220036878, at 5000 iters
[2024-09-28 01:11:24,568 INFO] model saved: ./exp/unimatch_v2_svhn_40labels_seed0/model_best.pth
[2024-09-28 01:35:15,434 INFO] model saved: ./exp/unimatch_v2_svhn_40labels_seed0/latest_model.pth
[2024-09-28 01:35:28,742 INFO] confusion matrix:
[[0.06995413 0.05676606 0.01662844 0.18348624 0.07626147 0.37213303
  0.01949541 0.14277523 0.02924312 0.03325688]
 [0.04255736 0.10080408 0.01117866 0.09629339 0.2241616  0.32614238
  0.02039616 0.13669347 0.03000588 0.01176701]
 [0.0120511  0.01132803 0.02145095 0.19257652 0.17160762 0.39720415
  0.04483008 0.09062425 0.01494336 0.04338395]
 [0.01179736 0.01561416 0.01457321 0.1870229  0.19118668 0.39694656
  0.03573907 0.08917418 0.01422623 0.04371964]
 [0.01862862 0.03963535 0.01268331 0.14347998 0.31272295 0.31906461
  0.0332937  0.08838684 0.01506143 0.0170432 ]
 [0.0079698  0.00419463 0.0239094  0.24077181 0.08515101 0.42323826
  0.0465604  0.09395973 0.01216443 0.06208054]
 [0.02832575 0.01871523 0.01820941 0.26909459 0.09104704 0.38998483
  0.04097117 0.08851796 0.01466869 0.04046535]
 [0.02179297 0.04259534 0.01287766 0.14214958 0.22189203 0.34422982
  0.03318474 0.14660723 0.01535414 0.01931649]
 [0.02409639 0.01566265 0.02409639 0.26807229 0.06927711 0.39939759
  0.03493976 0.09457831 0.02048193 0.04939759]
 [0.02884013 0.01504702 0.01943574 0.26332288 0.08714734 0.38495298
  0.03510972 0.10532915 0.01880878 0.04200627]]
[2024-09-28 01:35:28,753 INFO] 10000 iteration, USE_EMA: True, {'train/sup_loss': tensor(0.0023, device='cuda:0'), 'train/unsup_loss': tensor(0.2724, device='cuda:0'), 'train/total_loss': tensor(0.2746, device='cuda:0'), 'train/mask_ratio': tensor(0.4531, device='cuda:0'), 'lr': 0.02999742232637523, 'train/prefecth_time': 0.0019784640073776246, 'train/run_time': 0.19306317138671875, 'eval/loss': tensor(5.5810, device='cuda:0'), 'eval/top-1-acc': 0.13598647818070067, 'eval/top-5-acc': 0.5700676090964967, 'eval/precision': 0.16406391018270372, 'eval/recall': 0.13652598614185033, 'eval/F1': 0.11089920268441951, 'eval/AUC': 0.5474578637876716}, BEST_EVAL_ACC: 0.13598647818070067, at 10000 iters
[2024-09-28 01:35:28,861 INFO] model saved: ./exp/unimatch_v2_svhn_40labels_seed0/model_best.pth
[2024-09-28 01:59:19,184 INFO] model saved: ./exp/unimatch_v2_svhn_40labels_seed0/latest_model.pth
[2024-09-28 01:59:31,996 INFO] confusion matrix:
[[0.22362385 0.03784404 0.03899083 0.11983945 0.06135321 0.32912844
  0.00516055 0.12901376 0.01548165 0.03956422]
 [0.14414591 0.13865464 0.02137674 0.02745636 0.22945676 0.24887233
  0.00392234 0.14669543 0.02020004 0.01921945]
 [0.04145577 0.00964088 0.04916847 0.14123885 0.19956616 0.37647626
  0.02434322 0.09640877 0.01181007 0.04989154]
 [0.03851492 0.00728661 0.04718945 0.12630118 0.20645385 0.37508675
  0.02949341 0.0999306  0.01179736 0.05794587]
 [0.05826397 0.03884265 0.03606817 0.09116132 0.35315101 0.2627824
  0.02179945 0.09076496 0.02457392 0.02259215]
 [0.01803691 0.00167785 0.05872483 0.15310403 0.10780201 0.46224832
  0.04446309 0.07969799 0.00419463 0.07005034]
 [0.05715731 0.01011634 0.06322711 0.2215478  0.07536672 0.39504299
  0.03237228 0.07991907 0.01011634 0.05513404]
 [0.09162952 0.08568598 0.0282318  0.05794948 0.26597325 0.26696384
  0.01386825 0.15453195 0.01287766 0.02228826]
 [0.05722892 0.00542169 0.06746988 0.23072289 0.05542169 0.3686747
  0.04638554 0.08313253 0.01746988 0.06807229]
 [0.06332288 0.00626959 0.0645768  0.2        0.08213166 0.37931034
  0.03887147 0.0984326  0.01065831 0.05642633]]
[2024-09-28 01:59:32,007 INFO] 15000 iteration, USE_EMA: True, {'train/sup_loss': tensor(0.0026, device='cuda:0'), 'train/unsup_loss': tensor(0.3081, device='cuda:0'), 'train/total_loss': tensor(0.3106, device='cuda:0'), 'train/mask_ratio': tensor(0.3571, device='cuda:0'), 'lr': 0.029994200724750647, 'train/prefecth_time': 0.0019194560050964356, 'train/run_time': 0.191461669921875, 'eval/loss': tensor(4.0976, device='cuda:0'), 'eval/top-1-acc': 0.15953441917639827, 'eval/top-5-acc': 0.6301859250153657, 'eval/precision': 0.17809037816826137, 'eval/recall': 0.16139479178408495, 'eval/F1': 0.13420304797272586, 'eval/AUC': 0.5856332253744634}, BEST_EVAL_ACC: 0.15953441917639827, at 15000 iters
[2024-09-28 01:59:32,225 INFO] model saved: ./exp/unimatch_v2_svhn_40labels_seed0/model_best.pth
[2024-09-28 02:23:22,237 INFO] model saved: ./exp/unimatch_v2_svhn_40labels_seed0/latest_model.pth
[2024-09-28 02:23:45,053 INFO] confusion matrix:
[[0.15194954 0.02694954 0.07052752 0.37327982 0.03440367 0.13302752
  0.01433486 0.08830275 0.04644495 0.06077982]
 [0.12649539 0.31672877 0.03726221 0.07236713 0.10747205 0.10080408
  0.00078447 0.1684644  0.03765444 0.03196705]
 [0.01012292 0.01060497 0.10821885 0.45022897 0.05374789 0.15208484
  0.03832249 0.07833213 0.04338395 0.054953  ]
 [0.00867453 0.00693963 0.10097155 0.44136017 0.04892436 0.17140874
  0.0482304  0.06592644 0.04580153 0.06176266]
 [0.04201348 0.05905668 0.08402695 0.22829964 0.33848593 0.08323424
  0.00753072 0.04994055 0.0614348  0.04597701]
 [0.00125839 0.00167785 0.10360738 0.46392617 0.01006711 0.21392617
  0.07088926 0.05159396 0.02810403 0.05494966]
 [0.01315124 0.00657562 0.14415781 0.43753161 0.01365706 0.18664643
  0.08497724 0.03136065 0.04147699 0.04046535]
 [0.07429421 0.31550272 0.03912828 0.12332838 0.09262011 0.09162952
  0.00247647 0.19068846 0.03417533 0.03615651]
 [0.01325301 0.00301205 0.13493976 0.42108434 0.01807229 0.16927711
  0.09036145 0.02590361 0.06084337 0.06325301]
 [0.01003135 0.00376176 0.13291536 0.44137931 0.01128527 0.169279
  0.08338558 0.05203762 0.04702194 0.04890282]]
[2024-09-28 02:23:45,067 INFO] 20000 iteration, USE_EMA: True, {'train/sup_loss': tensor(0.0028, device='cuda:0'), 'train/unsup_loss': tensor(0.2418, device='cuda:0'), 'train/total_loss': tensor(0.2446, device='cuda:0'), 'train/mask_ratio': tensor(0.5781, device='cuda:0'), 'lr': 0.02998969077929826, 'train/prefecth_time': 0.3578792724609375, 'train/run_time': 0.1963654327392578, 'eval/loss': tensor(4.2519, device='cuda:0'), 'eval/top-1-acc': 0.2188460356484327, 'eval/top-5-acc': 0.7108942839582053, 'eval/precision': 0.22163071940400428, 'eval/recall': 0.19560813227272394, 'eval/F1': 0.19157034229693787, 'eval/AUC': 0.6183481009872698}, BEST_EVAL_ACC: 0.2188460356484327, at 20000 iters
[2024-09-28 02:23:45,260 INFO] model saved: ./exp/unimatch_v2_svhn_40labels_seed0/model_best.pth
[2024-09-28 02:47:32,208 INFO] model saved: ./exp/unimatch_v2_svhn_40labels_seed0/latest_model.pth
[2024-09-28 02:47:46,193 INFO] confusion matrix:
[[8.30275229e-01 1.72018349e-03 1.72018349e-03 1.22133028e-01
  1.72018349e-03 6.30733945e-03 9.74770642e-03 1.72018349e-03
  3.44036697e-03 2.12155963e-02]
 [1.82388704e-02 2.45538341e-01 5.88350657e-03 2.60639341e-01
  1.31398313e-02 1.00019612e-02 1.56893509e-03 4.36948421e-01
  1.56893509e-03 6.47185723e-03]
 [1.92817546e-03 3.13328513e-03 6.38708122e-01 3.05615811e-01
  3.85635093e-03 2.84405881e-02 1.20510966e-03 8.19474572e-03
  2.65124126e-03 6.26657026e-03]
 [3.46981263e-03 3.46981263e-03 1.66551006e-02 4.14295628e-01
  3.81679389e-03 4.68077724e-01 2.08188758e-03 2.77585010e-03
  6.97432339e-02 1.56141568e-02]
 [1.98176774e-03 5.15259612e-03 1.58541419e-03 2.06103845e-01
  7.64565993e-01 5.54894966e-03 1.18906064e-03 7.92707095e-03
  0.00000000e+00 5.94530321e-03]
 [1.25838926e-03 2.09731544e-03 1.25838926e-03 3.17114094e-01
  2.09731544e-03 6.67785235e-01 2.93624161e-03 2.93624161e-03
  4.19463087e-04 2.09731544e-03]
 [9.61052099e-03 2.02326758e-03 1.01163379e-03 2.68082954e-01
  4.04653515e-03 5.46282246e-02 6.28224583e-01 4.04653515e-03
  1.46686899e-02 1.36570561e-02]
 [4.45765230e-03 2.15453195e-01 3.46706290e-03 2.54581476e-01
  2.47647350e-03 1.73353145e-02 9.90589401e-04 4.98266469e-01
  9.90589401e-04 1.98117880e-03]
 [5.42168675e-03 2.40963855e-03 4.21686747e-03 2.91566265e-01
  5.42168675e-03 2.53012048e-02 5.30120482e-02 1.80722892e-03
  5.60843373e-01 5.00000000e-02]
 [1.81818182e-02 4.38871473e-03 2.00626959e-02 2.54545455e-01
  0.00000000e+00 8.15047022e-03 6.26959248e-04 6.89655172e-03
  3.13479624e-03 6.84012539e-01]]
[2024-09-28 02:47:46,206 INFO] 25000 iteration, USE_EMA: True, {'train/sup_loss': tensor(0.0002, device='cuda:0'), 'train/unsup_loss': tensor(0.1269, device='cuda:0'), 'train/total_loss': tensor(0.1271, device='cuda:0'), 'train/mask_ratio': tensor(0.8482, device='cuda:0'), 'lr': 0.0299838926837342, 'train/prefecth_time': 0.33376077270507815, 'train/run_time': 0.19657827758789062, 'eval/loss': tensor(2.6489, device='cuda:0'), 'eval/top-1-acc': 0.5506684081130916, 'eval/top-5-acc': 0.9656960663798402, 'eval/precision': 0.6919074083461223, 'eval/recall': 0.5932515512377916, 'eval/F1': 0.6129962392785451, 'eval/AUC': 0.8918491858969593}, BEST_EVAL_ACC: 0.5506684081130916, at 25000 iters
[2024-09-28 02:47:46,335 INFO] model saved: ./exp/unimatch_v2_svhn_40labels_seed0/model_best.pth
[2024-09-28 03:11:39,955 INFO] model saved: ./exp/unimatch_v2_svhn_40labels_seed0/latest_model.pth
[2024-09-28 03:11:53,577 INFO] confusion matrix:
[[9.15137615e-01 5.73394495e-04 2.86697248e-03 4.01376147e-02
  5.73394495e-04 5.16055046e-03 1.43348624e-02 4.58715596e-03
  1.14678899e-03 1.54816514e-02]
 [1.45126495e-02 1.08060404e-01 3.92233771e-03 9.35477545e-02
  1.05903118e-02 5.49127280e-03 2.15728574e-03 7.56422828e-01
  2.15728574e-03 3.13787017e-03]
 [1.44613160e-03 2.41021933e-04 8.37310195e-01 1.25813449e-01
  4.09737286e-03 1.87997108e-02 1.20510966e-03 7.47167992e-03
  0.00000000e+00 3.61532899e-03]
 [2.42886884e-03 3.46981263e-04 5.20471895e-03 2.56419153e-01
  4.51075642e-03 7.02290076e-01 3.46981263e-03 5.20471895e-03
  1.00624566e-02 1.00624566e-02]
 [2.77447483e-03 0.00000000e+00 1.58541419e-03 5.11296076e-02
  9.29052715e-01 2.37812128e-03 1.18906064e-03 8.32342449e-03
  7.92707095e-04 2.77447483e-03]
 [8.38926174e-04 8.38926174e-04 3.35570470e-03 1.65268456e-01
  4.19463087e-03 8.13758389e-01 4.61409396e-03 3.35570470e-03
  1.67785235e-03 2.09731544e-03]
 [5.56398584e-03 0.00000000e+00 5.05816894e-04 6.87910976e-02
  4.55235205e-03 2.17501265e-02 8.86697016e-01 5.56398584e-03
  3.03490137e-03 3.54071826e-03]
 [2.97176820e-03 1.98117880e-03 3.46706290e-03 7.42942051e-02
  3.46706290e-03 4.45765230e-03 1.48588410e-03 9.05894007e-01
  0.00000000e+00 1.98117880e-03]
 [4.21686747e-03 0.00000000e+00 1.80722892e-03 7.04819277e-02
  7.83132530e-03 1.26506024e-02 2.65060241e-02 2.40963855e-03
  8.60843373e-01 1.32530120e-02]
 [9.40438871e-03 0.00000000e+00 1.31661442e-02 4.57680251e-02
  0.00000000e+00 7.52351097e-03 3.76175549e-03 6.26959248e-03
  5.64263323e-03 9.08463950e-01]]
[2024-09-28 03:11:53,589 INFO] 30000 iteration, USE_EMA: True, {'train/sup_loss': tensor(0.0002, device='cuda:0'), 'train/unsup_loss': tensor(0.1131, device='cuda:0'), 'train/total_loss': tensor(0.1132, device='cuda:0'), 'train/mask_ratio': tensor(0.9129, device='cuda:0'), 'lr': 0.029976806687104632, 'train/prefecth_time': 0.36722445678710935, 'train/run_time': 0.19581622314453126, 'eval/loss': tensor(2.3209, device='cuda:0'), 'eval/top-1-acc': 0.6570374923171481, 'eval/top-5-acc': 0.9676551936078672, 'eval/precision': 0.7687472146302644, 'eval/recall': 0.7421636817508398, 'eval/F1': 0.7004419621448362, 'eval/AUC': 0.9500247494229691}, BEST_EVAL_ACC: 0.6570374923171481, at 30000 iters
[2024-09-28 03:11:53,779 INFO] model saved: ./exp/unimatch_v2_svhn_40labels_seed0/model_best.pth
[2024-09-28 03:36:08,310 INFO] model saved: ./exp/unimatch_v2_svhn_40labels_seed0/latest_model.pth
[2024-09-28 03:36:30,758 INFO] confusion matrix:
[[9.51261468e-01 4.01376147e-03 5.73394495e-03 1.14678899e-03
  5.73394495e-04 4.01376147e-03 2.00688073e-02 1.14678899e-03
  1.72018349e-03 1.03211009e-02]
 [1.33359482e-02 9.53324181e-01 3.92233771e-03 3.13787017e-03
  1.09825456e-02 2.74563640e-03 2.15728574e-03 7.45244166e-03
  1.17670131e-03 1.76505197e-03]
 [1.20510966e-03 4.09737286e-03 9.64328754e-01 1.06049651e-02
  6.26657026e-03 5.78452639e-03 1.68715353e-03 2.65124126e-03
  2.41021933e-04 3.13328513e-03]
 [3.12283137e-03 7.28660652e-03 5.20471895e-03 9.50034698e-01
  3.81679389e-03 1.17973629e-02 3.46981263e-03 1.04094379e-03
  6.24566273e-03 7.98056905e-03]
 [2.37812128e-03 6.34165676e-03 1.58541419e-03 3.17082838e-03
  9.80578676e-01 1.18906064e-03 1.18906064e-03 7.92707095e-04
  3.96353547e-04 2.37812128e-03]
 [1.25838926e-03 4.19463087e-03 6.29194631e-03 2.18120805e-02
  4.19463087e-03 9.48825503e-01 6.29194631e-03 1.25838926e-03
  2.09731544e-03 3.77516779e-03]
 [6.06980273e-03 3.03490137e-03 1.01163379e-03 7.58725341e-03
  3.03490137e-03 1.11279717e-02 9.61052099e-01 1.01163379e-03
  4.04653515e-03 2.02326758e-03]
 [1.98117880e-03 2.52600297e-02 7.42942051e-03 4.45765230e-03
  2.97176820e-03 3.46706290e-03 9.90589401e-04 9.50965825e-01
  4.95294700e-04 1.98117880e-03]
 [5.42168675e-03 2.40963855e-03 1.80722892e-03 6.62650602e-03
  4.81927711e-03 4.21686747e-03 1.98795181e-02 0.00000000e+00
  9.45783133e-01 9.03614458e-03]
 [9.40438871e-03 6.89655172e-03 1.44200627e-02 4.38871473e-03
  2.50783699e-03 4.38871473e-03 2.50783699e-03 6.26959248e-04
  2.50783699e-03 9.52351097e-01]]
[2024-09-28 03:36:30,772 INFO] 35000 iteration, USE_EMA: True, {'train/sup_loss': tensor(0.0002, device='cuda:0'), 'train/unsup_loss': tensor(0.0905, device='cuda:0'), 'train/total_loss': tensor(0.0907, device='cuda:0'), 'train/mask_ratio': tensor(0.9375, device='cuda:0'), 'lr': 0.029968433093775056, 'train/prefecth_time': 0.371138427734375, 'train/run_time': 0.19437123107910156, 'eval/loss': tensor(0.1905, device='cuda:0'), 'eval/top-1-acc': 0.9566687154271666, 'eval/top-5-acc': 0.9949677320221266, 'eval/precision': 0.9532019774567629, 'eval/recall': 0.9558505434194267, 'eval/F1': 0.9544339082374599, 'eval/AUC': 0.9968062270775794}, BEST_EVAL_ACC: 0.9566687154271666, at 35000 iters
[2024-09-28 03:36:30,931 INFO] model saved: ./exp/unimatch_v2_svhn_40labels_seed0/model_best.pth
[2024-09-28 04:00:30,246 INFO] model saved: ./exp/unimatch_v2_svhn_40labels_seed0/latest_model.pth
[2024-09-28 04:00:44,660 INFO] confusion matrix:
[[9.60435780e-01 3.44036697e-03 4.58715596e-03 1.14678899e-03
  0.00000000e+00 4.01376147e-03 1.60550459e-02 1.14678899e-03
  1.14678899e-03 8.02752294e-03]
 [8.04079231e-03 9.62541675e-01 4.11845460e-03 2.54951951e-03
  1.03941949e-02 1.76505197e-03 1.37281820e-03 6.66797411e-03
  1.56893509e-03 9.80584428e-04]
 [9.64087732e-04 4.57941673e-03 9.66015907e-01 1.13280309e-02
  4.33839479e-03 5.78452639e-03 1.20510966e-03 2.41021933e-03
  2.41021933e-04 3.13328513e-03]
 [2.42886884e-03 6.59264400e-03 5.20471895e-03 9.57321305e-01
  3.81679389e-03 9.02151284e-03 3.12283137e-03 1.04094379e-03
  3.81679389e-03 7.63358779e-03]
 [2.77447483e-03 5.94530321e-03 2.77447483e-03 3.56718193e-03
  9.80578676e-01 1.18906064e-03 7.92707095e-04 1.18906064e-03
  3.96353547e-04 7.92707095e-04]
 [8.38926174e-04 4.19463087e-03 4.61409396e-03 1.38422819e-02
  3.77516779e-03 9.60570470e-01 7.13087248e-03 1.25838926e-03
  1.25838926e-03 2.51677852e-03]
 [5.05816894e-03 3.03490137e-03 5.05816894e-04 6.57561963e-03
  2.02326758e-03 8.09307031e-03 9.67627719e-01 1.01163379e-03
  3.03490137e-03 3.03490137e-03]
 [1.48588410e-03 2.12976721e-02 4.95294700e-03 5.44824170e-03
  1.98117880e-03 3.46706290e-03 1.48588410e-03 9.58395245e-01
  4.95294700e-04 9.90589401e-04]
 [5.42168675e-03 2.40963855e-03 1.80722892e-03 5.42168675e-03
  4.21686747e-03 5.42168675e-03 1.44578313e-02 0.00000000e+00
  9.54216867e-01 6.62650602e-03]
 [6.26959248e-03 5.01567398e-03 1.25391850e-02 5.01567398e-03
  3.13479624e-03 3.76175549e-03 2.50783699e-03 1.25391850e-03
  3.76175549e-03 9.56739812e-01]]
[2024-09-28 04:00:44,672 INFO] 40000 iteration, USE_EMA: True, {'train/sup_loss': tensor(7.8941e-05, device='cuda:0'), 'train/unsup_loss': tensor(0.0897, device='cuda:0'), 'train/total_loss': tensor(0.0898, device='cuda:0'), 'train/mask_ratio': tensor(0.9375, device='cuda:0'), 'lr': 0.029958772263417244, 'train/prefecth_time': 0.0022039361000061033, 'train/run_time': 0.19661427307128906, 'eval/loss': tensor(0.1725, device='cuda:0'), 'eval/top-1-acc': 0.9631223110018439, 'eval/top-5-acc': 0.9948909035033805, 'eval/precision': 0.9607464593406801, 'eval/recall': 0.9624443456048442, 'eval/F1': 0.9615434686416776, 'eval/AUC': 0.9970935961828804}, BEST_EVAL_ACC: 0.9631223110018439, at 40000 iters
[2024-09-28 04:00:44,853 INFO] model saved: ./exp/unimatch_v2_svhn_40labels_seed0/model_best.pth
[2024-09-28 04:24:55,465 INFO] model saved: ./exp/unimatch_v2_svhn_40labels_seed0/latest_model.pth
[2024-09-28 04:25:09,239 INFO] confusion matrix:
[[9.67889908e-01 4.58715596e-03 2.29357798e-03 1.72018349e-03
  0.00000000e+00 3.44036697e-03 1.26146789e-02 1.14678899e-03
  1.14678899e-03 5.16055046e-03]
 [7.84467543e-03 9.68032948e-01 3.92233771e-03 2.35340263e-03
  6.27574034e-03 1.56893509e-03 1.56893509e-03 5.88350657e-03
  1.76505197e-03 7.84467543e-04]
 [9.64087732e-04 4.82043866e-03 9.68426127e-01 9.15883345e-03
  2.89226320e-03 5.78452639e-03 1.68715353e-03 2.65124126e-03
  7.23065799e-04 2.89226320e-03]
 [2.42886884e-03 7.28660652e-03 4.51075642e-03 9.61485080e-01
  3.46981263e-03 9.02151284e-03 3.12283137e-03 3.46981263e-04
  3.81679389e-03 4.51075642e-03]
 [3.17082838e-03 6.73801031e-03 2.37812128e-03 3.56718193e-03
  9.80182323e-01 7.92707095e-04 1.18906064e-03 1.18906064e-03
  3.96353547e-04 3.96353547e-04]
 [1.25838926e-03 2.93624161e-03 5.87248322e-03 1.30033557e-02
  3.77516779e-03 9.61409396e-01 6.71140940e-03 1.25838926e-03
  1.67785235e-03 2.09731544e-03]
 [6.06980273e-03 3.54071826e-03 5.05816894e-04 7.58725341e-03
  3.03490137e-03 8.59888720e-03 9.65604451e-01 1.01163379e-03
  2.02326758e-03 2.02326758e-03]
 [1.48588410e-03 2.12976721e-02 5.44824170e-03 2.97176820e-03
  2.47647350e-03 2.97176820e-03 4.95294700e-04 9.60871719e-01
  4.95294700e-04 1.48588410e-03]
 [5.42168675e-03 1.80722892e-03 1.20481928e-03 5.42168675e-03
  5.42168675e-03 4.21686747e-03 1.32530120e-02 0.00000000e+00
  9.57228916e-01 6.02409639e-03]
 [8.15047022e-03 5.64263323e-03 1.06583072e-02 5.01567398e-03
  3.13479624e-03 3.13479624e-03 1.88087774e-03 6.26959248e-04
  2.50783699e-03 9.59247649e-01]]
[2024-09-28 04:25:09,251 INFO] 45000 iteration, USE_EMA: True, {'train/sup_loss': tensor(0.0002, device='cuda:0'), 'train/unsup_loss': tensor(0.0984, device='cuda:0'), 'train/total_loss': tensor(0.0986, device='cuda:0'), 'train/mask_ratio': tensor(0.9442, device='cuda:0'), 'lr': 0.029947824610993785, 'train/prefecth_time': 0.37948233032226564, 'train/run_time': 0.19448684692382812, 'eval/loss': tensor(0.1623, device='cuda:0'), 'eval/top-1-acc': 0.9659649661954518, 'eval/top-5-acc': 0.9949677320221266, 'eval/precision': 0.964044705858073, 'eval/recall': 0.9650378515508592, 'eval/F1': 0.9645002187276734, 'eval/AUC': 0.9972343774420279}, BEST_EVAL_ACC: 0.9659649661954518, at 45000 iters
[2024-09-28 04:25:09,372 INFO] model saved: ./exp/unimatch_v2_svhn_40labels_seed0/model_best.pth
[2024-09-28 04:49:03,407 INFO] model saved: ./exp/unimatch_v2_svhn_40labels_seed0/latest_model.pth
[2024-09-28 04:49:26,320 INFO] confusion matrix:
[[9.67889908e-01 4.58715596e-03 4.01376147e-03 1.72018349e-03
  5.73394495e-04 2.86697248e-03 1.14678899e-02 1.14678899e-03
  1.14678899e-03 4.58715596e-03]
 [7.45244166e-03 9.68229065e-01 3.53010394e-03 2.35340263e-03
  7.06020788e-03 1.37281820e-03 1.96116886e-03 5.88350657e-03
  1.37281820e-03 7.84467543e-04]
 [9.64087732e-04 4.33839479e-03 9.71559412e-01 8.19474572e-03
  3.61532899e-03 4.82043866e-03 1.20510966e-03 2.16919740e-03
  0.00000000e+00 3.13328513e-03]
 [2.42886884e-03 5.55170021e-03 5.20471895e-03 9.65995836e-01
  2.77585010e-03 7.98056905e-03 1.73490632e-03 6.93962526e-04
  3.12283137e-03 4.51075642e-03]
 [2.77447483e-03 6.34165676e-03 3.17082838e-03 2.77447483e-03
  9.80182323e-01 7.92707095e-04 1.18906064e-03 1.18906064e-03
  7.92707095e-04 7.92707095e-04]
 [1.67785235e-03 2.09731544e-03 5.87248322e-03 1.25838926e-02
  3.35570470e-03 9.63506711e-01 6.29194631e-03 1.25838926e-03
  1.67785235e-03 1.67785235e-03]
 [5.56398584e-03 3.54071826e-03 5.05816894e-04 5.56398584e-03
  3.54071826e-03 7.08143652e-03 9.69650986e-01 1.01163379e-03
  2.02326758e-03 1.51745068e-03]
 [1.98117880e-03 2.03070827e-02 4.45765230e-03 4.45765230e-03
  1.48588410e-03 1.98117880e-03 0.00000000e+00 9.62357603e-01
  1.48588410e-03 1.48588410e-03]
 [4.81927711e-03 2.40963855e-03 1.20481928e-03 4.81927711e-03
  4.81927711e-03 1.80722892e-03 1.26506024e-02 0.00000000e+00
  9.61445783e-01 6.02409639e-03]
 [6.89655172e-03 5.01567398e-03 1.00313480e-02 4.38871473e-03
  3.76175549e-03 2.50783699e-03 2.50783699e-03 1.25391850e-03
  3.76175549e-03 9.59874608e-01]]
[2024-09-28 04:49:26,331 INFO] 50000 iteration, USE_EMA: True, {'train/sup_loss': tensor(0.0002, device='cuda:0'), 'train/unsup_loss': tensor(0.0722, device='cuda:0'), 'train/total_loss': tensor(0.0724, device='cuda:0'), 'train/mask_ratio': tensor(0.9665, device='cuda:0'), 'lr': 0.029935590606740264, 'train/prefecth_time': 0.32284735107421875, 'train/run_time': 0.1969368896484375, 'eval/loss': tensor(0.1557, device='cuda:0'), 'eval/top-1-acc': 0.9679240934234788, 'eval/top-5-acc': 0.9952366318377381, 'eval/precision': 0.966069166466961, 'eval/recall': 0.967069223535144, 'eval/F1': 0.9665342037051818, 'eval/AUC': 0.997351093254841}, BEST_EVAL_ACC: 0.9679240934234788, at 50000 iters
[2024-09-28 04:49:26,463 INFO] model saved: ./exp/unimatch_v2_svhn_40labels_seed0/model_best.pth
[2024-09-28 05:13:19,994 INFO] model saved: ./exp/unimatch_v2_svhn_40labels_seed0/latest_model.pth
[2024-09-28 05:13:34,096 INFO] confusion matrix:
[[9.71903670e-01 5.16055046e-03 3.44036697e-03 2.29357798e-03
  0.00000000e+00 1.72018349e-03 8.60091743e-03 1.14678899e-03
  5.73394495e-04 5.16055046e-03]
 [8.43302608e-03 9.68621298e-01 3.72622083e-03 2.54951951e-03
  6.66797411e-03 1.56893509e-03 1.37281820e-03 4.90292214e-03
  1.37281820e-03 7.84467543e-04]
 [7.23065799e-04 4.82043866e-03 9.69872258e-01 8.67678959e-03
  3.13328513e-03 5.06146059e-03 1.20510966e-03 2.41021933e-03
  4.82043866e-04 3.61532899e-03]
 [2.42886884e-03 6.59264400e-03 4.16377516e-03 9.65301874e-01
  2.77585010e-03 7.63358779e-03 2.42886884e-03 1.04094379e-03
  3.12283137e-03 4.51075642e-03]
 [3.17082838e-03 6.34165676e-03 2.37812128e-03 2.77447483e-03
  9.80975030e-01 1.18906064e-03 7.92707095e-04 1.18906064e-03
  7.92707095e-04 3.96353547e-04]
 [8.38926174e-04 2.51677852e-03 5.03355705e-03 9.64765101e-03
  3.77516779e-03 9.66442953e-01 6.71140940e-03 8.38926174e-04
  2.09731544e-03 2.09731544e-03]
 [5.05816894e-03 3.54071826e-03 1.01163379e-03 5.05816894e-03
  2.52908447e-03 6.06980273e-03 9.71168437e-01 1.01163379e-03
  2.02326758e-03 2.52908447e-03]
 [1.98117880e-03 1.83259039e-02 4.95294700e-03 3.46706290e-03
  1.48588410e-03 1.98117880e-03 0.00000000e+00 9.65329371e-01
  4.95294700e-04 1.98117880e-03]
 [4.81927711e-03 1.80722892e-03 6.02409639e-04 4.21686747e-03
  4.81927711e-03 2.40963855e-03 1.08433735e-02 0.00000000e+00
  9.63253012e-01 7.22891566e-03]
 [6.26959248e-03 5.01567398e-03 1.25391850e-02 4.38871473e-03
  1.88087774e-03 2.50783699e-03 2.50783699e-03 0.00000000e+00
  3.76175549e-03 9.61128527e-01]]
[2024-09-28 05:13:34,107 INFO] 55000 iteration, USE_EMA: True, {'train/sup_loss': tensor(9.0440e-05, device='cuda:0'), 'train/unsup_loss': tensor(0.0969, device='cuda:0'), 'train/total_loss': tensor(0.0970, device='cuda:0'), 'train/mask_ratio': tensor(0.9598, device='cuda:0'), 'lr': 0.02992207077614505, 'train/prefecth_time': 0.2858832702636719, 'train/run_time': 0.19611199951171876, 'eval/loss': tensor(0.1552, device='cuda:0'), 'eval/top-1-acc': 0.9688076213890596, 'eval/top-5-acc': 0.9953902888752305, 'eval/precision': 0.9669320403227882, 'eval/recall': 0.9683996429535024, 'eval/F1': 0.967630845730546, 'eval/AUC': 0.9973679495687163}, BEST_EVAL_ACC: 0.9688076213890596, at 55000 iters
[2024-09-28 05:13:34,262 INFO] model saved: ./exp/unimatch_v2_svhn_40labels_seed0/model_best.pth
[2024-09-28 05:37:28,439 INFO] model saved: ./exp/unimatch_v2_svhn_40labels_seed0/latest_model.pth
[2024-09-28 05:37:42,496 INFO] confusion matrix:
[[9.73050459e-01 4.58715596e-03 3.44036697e-03 1.14678899e-03
  0.00000000e+00 2.29357798e-03 1.08944954e-02 1.14678899e-03
  0.00000000e+00 3.44036697e-03]
 [8.04079231e-03 9.70778584e-01 3.53010394e-03 2.15728574e-03
  6.07962346e-03 1.56893509e-03 1.56893509e-03 4.51068837e-03
  1.17670131e-03 5.88350657e-04]
 [7.23065799e-04 4.82043866e-03 9.71559412e-01 8.19474572e-03
  3.37430706e-03 4.33839479e-03 1.20510966e-03 2.41021933e-03
  0.00000000e+00 3.37430706e-03]
 [1.73490632e-03 5.89868147e-03 4.16377516e-03 9.66689799e-01
  3.46981263e-03 7.63358779e-03 2.08188758e-03 6.93962526e-04
  2.77585010e-03 4.85773768e-03]
 [3.17082838e-03 5.15259612e-03 2.37812128e-03 2.37812128e-03
  9.82560444e-01 7.92707095e-04 1.18906064e-03 7.92707095e-04
  7.92707095e-04 7.92707095e-04]
 [1.67785235e-03 2.09731544e-03 5.03355705e-03 1.34228188e-02
  3.35570470e-03 9.63926174e-01 5.45302013e-03 1.25838926e-03
  1.25838926e-03 2.51677852e-03]
 [6.06980273e-03 3.54071826e-03 1.01163379e-03 6.57561963e-03
  2.52908447e-03 7.08143652e-03 9.69145169e-01 1.01163379e-03
  1.51745068e-03 1.51745068e-03]
 [1.98117880e-03 1.88211986e-02 4.95294700e-03 3.46706290e-03
  1.98117880e-03 1.48588410e-03 0.00000000e+00 9.65329371e-01
  4.95294700e-04 1.48588410e-03]
 [4.81927711e-03 1.80722892e-03 6.02409639e-04 4.81927711e-03
  4.81927711e-03 2.40963855e-03 9.63855422e-03 0.00000000e+00
  9.65060241e-01 6.02409639e-03]
 [6.89655172e-03 6.26959248e-03 1.19122257e-02 4.38871473e-03
  1.25391850e-03 1.25391850e-03 2.50783699e-03 6.26959248e-04
  3.13479624e-03 9.61755486e-01]]
[2024-09-28 05:37:42,508 INFO] 60000 iteration, USE_EMA: True, {'train/sup_loss': tensor(0.0001, device='cuda:0'), 'train/unsup_loss': tensor(0.0934, device='cuda:0'), 'train/total_loss': tensor(0.0936, device='cuda:0'), 'train/mask_ratio': tensor(0.9621, device='cuda:0'), 'lr': 0.029907265699926754, 'train/prefecth_time': 0.26521728515625, 'train/run_time': 0.19434710693359375, 'eval/loss': tensor(0.1505, device='cuda:0'), 'eval/top-1-acc': 0.9696527350952674, 'eval/top-5-acc': 0.995620774431469, 'eval/precision': 0.9680798550290263, 'eval/recall': 0.9689855139103314, 'eval/F1': 0.968491710627745, 'eval/AUC': 0.9974260021936259}, BEST_EVAL_ACC: 0.9696527350952674, at 60000 iters
[2024-09-28 05:37:42,793 INFO] model saved: ./exp/unimatch_v2_svhn_40labels_seed0/model_best.pth
[2024-09-28 06:01:38,116 INFO] model saved: ./exp/unimatch_v2_svhn_40labels_seed0/latest_model.pth
[2024-09-28 06:02:00,577 INFO] confusion matrix:
[[9.73623853e-01 5.16055046e-03 2.86697248e-03 1.14678899e-03
  0.00000000e+00 2.29357798e-03 9.74770642e-03 1.14678899e-03
  5.73394495e-04 3.44036697e-03]
 [8.82525985e-03 9.70974701e-01 2.74563640e-03 2.15728574e-03
  5.29515591e-03 1.56893509e-03 1.37281820e-03 4.70680526e-03
  1.56893509e-03 7.84467543e-04]
 [7.23065799e-04 5.06146059e-03 9.72282478e-01 7.23065799e-03
  3.13328513e-03 4.33839479e-03 1.44613160e-03 2.16919740e-03
  4.82043866e-04 3.13328513e-03]
 [1.73490632e-03 7.28660652e-03 3.12283137e-03 9.64954892e-01
  3.81679389e-03 6.59264400e-03 2.42886884e-03 6.93962526e-04
  3.81679389e-03 5.55170021e-03]
 [2.37812128e-03 5.94530321e-03 1.58541419e-03 3.56718193e-03
  9.82164090e-01 3.96353547e-04 7.92707095e-04 1.18906064e-03
  7.92707095e-04 1.18906064e-03]
 [1.25838926e-03 2.51677852e-03 4.61409396e-03 1.13255034e-02
  2.93624161e-03 9.67701342e-01 5.45302013e-03 8.38926174e-04
  1.67785235e-03 1.67785235e-03]
 [6.57561963e-03 4.04653515e-03 1.01163379e-03 6.57561963e-03
  2.02326758e-03 6.57561963e-03 9.69650986e-01 1.01163379e-03
  1.51745068e-03 1.01163379e-03]
 [1.98117880e-03 1.73353145e-02 4.95294700e-03 3.46706290e-03
  1.48588410e-03 1.98117880e-03 0.00000000e+00 9.67310550e-01
  4.95294700e-04 9.90589401e-04]
 [5.42168675e-03 1.80722892e-03 0.00000000e+00 4.81927711e-03
  3.01204819e-03 2.40963855e-03 1.08433735e-02 0.00000000e+00
  9.65662651e-01 6.02409639e-03]
 [5.01567398e-03 6.26959248e-03 1.19122257e-02 4.38871473e-03
  2.50783699e-03 3.13479624e-03 3.76175549e-03 0.00000000e+00
  1.88087774e-03 9.61128527e-01]]
[2024-09-28 06:02:00,589 INFO] 65000 iteration, USE_EMA: True, {'train/sup_loss': tensor(0.0001, device='cuda:0'), 'train/unsup_loss': tensor(0.0892, device='cuda:0'), 'train/total_loss': tensor(0.0893, device='cuda:0'), 'train/mask_ratio': tensor(0.9710, device='cuda:0'), 'lr': 0.029891176014009247, 'train/prefecth_time': 0.3165470275878906, 'train/run_time': 0.1948624267578125, 'eval/loss': tensor(0.1492, device='cuda:0'), 'eval/top-1-acc': 0.9701521204671174, 'eval/top-5-acc': 0.9955439459127228, 'eval/precision': 0.9683806353558678, 'eval/recall': 0.9695454070292764, 'eval/F1': 0.9689285300559337, 'eval/AUC': 0.997468326654485}, BEST_EVAL_ACC: 0.9701521204671174, at 65000 iters
[2024-09-28 06:02:00,757 INFO] model saved: ./exp/unimatch_v2_svhn_40labels_seed0/model_best.pth
[2024-09-28 06:25:58,986 INFO] model saved: ./exp/unimatch_v2_svhn_40labels_seed0/latest_model.pth
[2024-09-28 06:26:13,309 INFO] confusion matrix:
[[9.72477064e-01 5.16055046e-03 1.72018349e-03 1.72018349e-03
  0.00000000e+00 2.29357798e-03 9.74770642e-03 1.14678899e-03
  5.73394495e-04 5.16055046e-03]
 [7.64855854e-03 9.71170818e-01 3.13787017e-03 2.15728574e-03
  6.66797411e-03 1.37281820e-03 1.37281820e-03 4.31457148e-03
  1.37281820e-03 7.84467543e-04]
 [7.23065799e-04 4.33839479e-03 9.72523500e-01 7.23065799e-03
  2.65124126e-03 5.78452639e-03 9.64087732e-04 2.16919740e-03
  4.82043866e-04 3.13328513e-03]
 [2.77585010e-03 5.55170021e-03 3.81679389e-03 9.63913949e-01
  3.46981263e-03 7.63358779e-03 2.42886884e-03 6.93962526e-04
  3.46981263e-03 6.24566273e-03]
 [3.17082838e-03 5.54894966e-03 2.37812128e-03 1.98176774e-03
  9.82956797e-01 3.96353547e-04 7.92707095e-04 1.18906064e-03
  7.92707095e-04 7.92707095e-04]
 [1.25838926e-03 2.51677852e-03 5.45302013e-03 1.09060403e-02
  2.51677852e-03 9.67701342e-01 5.45302013e-03 8.38926174e-04
  1.67785235e-03 1.67785235e-03]
 [6.57561963e-03 3.03490137e-03 1.01163379e-03 7.58725341e-03
  3.03490137e-03 6.57561963e-03 9.67627719e-01 1.01163379e-03
  2.02326758e-03 1.51745068e-03]
 [1.98117880e-03 1.83259039e-02 4.95294700e-03 1.98117880e-03
  1.48588410e-03 2.47647350e-03 0.00000000e+00 9.67310550e-01
  4.95294700e-04 9.90589401e-04]
 [5.42168675e-03 1.80722892e-03 6.02409639e-04 5.42168675e-03
  3.61445783e-03 1.80722892e-03 1.02409639e-02 0.00000000e+00
  9.66265060e-01 4.81927711e-03]
 [5.64263323e-03 5.01567398e-03 1.25391850e-02 3.76175549e-03
  1.88087774e-03 1.88087774e-03 3.76175549e-03 0.00000000e+00
  3.13479624e-03 9.62382445e-01]]
[2024-09-28 06:26:13,321 INFO] 70000 iteration, USE_EMA: True, {'train/sup_loss': tensor(0.0002, device='cuda:0'), 'train/unsup_loss': tensor(0.0778, device='cuda:0'), 'train/total_loss': tensor(0.0779, device='cuda:0'), 'train/mask_ratio': tensor(0.9554, device='cuda:0'), 'lr': 0.02987380240949439, 'train/prefecth_time': 0.0023945600986480715, 'train/run_time': 0.1963740234375, 'eval/loss': tensor(0.1482, device='cuda:0'), 'eval/top-1-acc': 0.9700752919483713, 'eval/top-5-acc': 0.995659188690842, 'eval/precision': 0.9681293373074109, 'eval/recall': 0.9694329243983006, 'eval/F1': 0.968748431047271, 'eval/AUC': 0.997503112970136}, BEST_EVAL_ACC: 0.9701521204671174, at 65000 iters
[2024-09-28 06:49:58,509 INFO] model saved: ./exp/unimatch_v2_svhn_40labels_seed0/latest_model.pth
[2024-09-28 06:50:12,511 INFO] confusion matrix:
[[9.74197248e-01 4.01376147e-03 1.72018349e-03 1.14678899e-03
  0.00000000e+00 2.86697248e-03 9.17431193e-03 1.14678899e-03
  5.73394495e-04 5.16055046e-03]
 [7.06020788e-03 9.73131987e-01 2.94175328e-03 1.96116886e-03
  4.90292214e-03 1.37281820e-03 1.37281820e-03 4.90292214e-03
  1.17670131e-03 1.17670131e-03]
 [7.23065799e-04 4.09737286e-03 9.74210653e-01 5.78452639e-03
  2.41021933e-03 4.82043866e-03 1.44613160e-03 2.16919740e-03
  9.64087732e-04 3.37430706e-03]
 [2.08188758e-03 6.24566273e-03 3.81679389e-03 9.66689799e-01
  3.46981263e-03 5.89868147e-03 2.42886884e-03 6.93962526e-04
  4.16377516e-03 4.51075642e-03]
 [3.17082838e-03 6.73801031e-03 1.98176774e-03 3.56718193e-03
  9.80578676e-01 3.96353547e-04 7.92707095e-04 7.92707095e-04
  7.92707095e-04 1.18906064e-03]
 [1.67785235e-03 2.93624161e-03 5.87248322e-03 1.30033557e-02
  2.51677852e-03 9.64345638e-01 5.87248322e-03 8.38926174e-04
  1.25838926e-03 1.67785235e-03]
 [5.56398584e-03 3.03490137e-03 1.51745068e-03 6.57561963e-03
  3.03490137e-03 5.05816894e-03 9.71168437e-01 1.01163379e-03
  1.01163379e-03 2.02326758e-03]
 [1.98117880e-03 1.43635463e-02 2.97176820e-03 2.97176820e-03
  1.48588410e-03 1.98117880e-03 0.00000000e+00 9.71272907e-01
  9.90589401e-04 1.98117880e-03]
 [5.42168675e-03 1.80722892e-03 1.20481928e-03 4.81927711e-03
  3.01204819e-03 1.80722892e-03 1.08433735e-02 0.00000000e+00
  9.66265060e-01 4.81927711e-03]
 [6.26959248e-03 4.38871473e-03 1.19122257e-02 3.76175549e-03
  1.88087774e-03 1.88087774e-03 3.13479624e-03 0.00000000e+00
  3.13479624e-03 9.63636364e-01]]
